9.90163e-06	0.000324844	0.000168913	-6.75737e-05	0.00521233	-4.80709e-05
-0.000269895	-9.99317e-05	-0.000244138	7.53811e-05	-0.0171857	0.00105887
-0.000250104	0.000419992	0.000750721	-0.000144736	0.018893	-0.00111863
0.000497412	-0.000137098	-9.02968e-05	6.09399e-05	0.0213387	0.000192348
0.000992327	0.00023956	0.000468448	3.10625e-05	0.0165983	0.000688113
0.000199346	0.000615874	0.000160622	1.40307e-05	-0.0113123	-0.00075898
-0.00207806	0.000121211	-0.000383031	-0.000142997	-0.00443873	0.000132569
0.00255484	-0.000903234	-0.000543559	2.96027e-05	0.0157112	0.000920668
-0.00104533	0.00045566	0.000122895	4.21102e-05	0.0128986	-0.00153211
0.000928952	-0.000498592	8.30282e-05	3.76678e-05	0.00676256	0.00173697
7.30644e-05	6.65302e-05	-0.000153876	-0.000159855	-0.00268887	-0.000288321
-0.000838238	0.000436158	0.000402518	0.000159075	-0.00610513	-0.00170621
0.000932792	-7.24248e-05	0.000721942	-0.000157563	0.00299032	-0.00146906
8.85748e-05	-0.000113201	0.000124948	-7.94888e-05	-0.00538407	-5.40116e-05
0.000406798	-0.000780208	0.000396274	8.0699e-05	0.00356299	-0.000542046
0.000890477	-3.71591e-05	0.000178968	-2.57069e-05	0.0112395	-0.00136318
-0.00224784	0.00058446	-0.000224098	5.01301e-05	0.0113808	-4.14147e-05
-0.000590385	1.88773e-05	0.00023387	-3.26154e-05	0.000893529	0.00073512
0.00158751	-0.000479275	0.000327363	6.51612e-05	-0.0109553	-0.000427221
-0.000342934	-0.000448847	0.00025382	9.59174e-05	0.00722113	-0.00057511
-0.000653313	-4.422e-05	-0.000511189	6.19623e-05	0.0116908	-0.00142096
0.000979613	-0.000634933	0.000170219	3.61054e-05	0.0193842	-0.00100509
-0.000755327	0.000448753	-2.48746e-07	-5.39042e-05	0.0111997	-0.00134315
-0.000112701	0.000114097	-0.00022551	4.63238e-05	0.0174787	-0.000414622
-9.56495e-05	-0.000269429	-0.000320779	-6.09193e-06	0.0297113	0.000905331
0.000264125	0.000347303	7.61939e-05	0.00017284	-0.0103107	-0.00150588
-2.63141e-05	0.000219527	0.000143469	-9.17082e-05	0.0241647	0.000184858
-0.00141427	0.000450015	0.000346161	-9.5821e-05	0.0189345	-0.000385588
0.00218729	-0.000797896	0.000310977	-1.68511e-05	0.008997	0.000709894
0.00235874	-0.000420247	-0.00050576	0.000129001	-0.00756765	0.00123143
-0.00130083	0.0001278	0.000188272	6.36221e-05	-0.0169142	0.000247927
-0.00093587	0.00063193	-0.000605587	0.000149567	0.0045954	0.00115963
-0.000443826	0.000409386	0.000594164	-0.000101243	0.0153236	-0.000166541
-0.000959997	0.000627162	0.000208382	7.88498e-05	0.0222304	0.000503462
-0.000700404	0.000217551	-0.000376306	9.40605e-05	0.0042359	-0.000280344
0.00147149	-0.000397911	-0.000483271	0.000155956	0.0023491	0.000245385
0.00241809	-0.00106005	0.000550585	-6.86012e-05	0.00355314	-0.000616957
0.00114476	-2.29519e-05	-8.61174e-05	0.00015665	0.0139037	-0.000822824
3.7076e-05	0.000147708	7.90781e-05	4.98812e-05	-0.0311471	9.56098e-05
-0.00134393	0.000483164	0.000847481	-0.000135245	0.0134057	-0.00168026
3.81392e-05	-0.000838701	-0.000450575	3.77951e-06	0.00629363	-9.98088e-05
0.000502286	-0.000134093	0.000238254	9.74327e-05	-0.00580048	-0.00073517
0.000594313	-3.80132e-05	0.000298568	-2.25049e-05	0.00859063	0.000410435
-0.000143908	0.000381893	-0.000124447	5.50979e-05	0.00190032	0.00039818
-0.00156325	0.000390765	3.27944e-05	1.69132e-05	0.00605676	-0.00162516
-0.00179311	0.000682072	-0.000126859	4.70391e-05	0.0187371	-4.02722e-05
0.000104841	-0.000355339	-0.000260235	0.000137571	-0.00571685	-0.000698557
0.00142338	-0.0002464	-1.28325e-05	-7.75559e-06	0.00293253	0.00111324
-0.00177426	0.00033119	0.000358463	-2.08947e-05	-0.00359892	-0.00277861
0.00108789	-0.000620702	-0.000755581	3.65683e-06	0.00993883	0.000285598
-0.000619085	0.000793589	-0.000114694	-0.000114637	-0.011738	-6.42608e-05
-0.00175493	0.000633943	0.000775036	-4.66635e-05	0.0132922	-0.000869213
0.00015186	-0.000208938	-0.000214851	8.34492e-06	0.00090757	-0.000219463
-0.000108158	0.000206005	-4.5344e-05	-2.5306e-05	0.00546172	2.62346e-05
0.000821531	-0.000429766	-0.00020668	-1.33639e-05	-0.00111152	0.000370186
-0.000384328	-0.000146356	-0.000279023	0.000108003	-0.00449835	0.000160355
-0.000711524	0.000109857	-0.00036343	8.84495e-06	-0.00838224	0.000166095
0.000844425	0.000117424	0.000638395	-8.81896e-05	0.00210921	1.20653e-05
-0.000631149	1.39898e-05	0.00017646	-7.82011e-05	-0.0114069	-5.04878e-05
-0.00133416	0.000420178	0.00052744	-6.53106e-06	0.0127612	-0.00179273
-0.000158135	-0.000576674	0.000284504	7.39794e-05	-0.00797074	-0.00116124
0.000417355	-0.000391962	-0.000423421	-0.00019695	-0.00532117	-0.000485839
3.53806e-05	3.5399e-05	0.00026711	-8.5665e-05	-0.00412259	-0.000335308
-0.000908195	-5.91088e-05	2.03454e-05	0.000100789	0.00759919	-0.00182766
-0.00161346	0.000606152	0.00061667	-0.000108802	0.0102736	-0.001523
-4.55388e-07	-0.000328707	1.979e-05	-0.000162252	-0.0138319	-0.000292696
-0.000845328	0.000561556	0.000756903	-7.72339e-05	0.000178477	-0.00133393
0.00137368	-0.000239095	-0.000385992	0.000149033	0.0312786	0.000209762
0.000241001	-0.000303406	-0.000496719	7.13444e-05	0.00309764	-0.00010529
-0.000302656	-1.09778e-05	0.000202291	2.54164e-06	-0.0191971	-0.00123202
0.000255375	-0.0005731	0.000320753	5.42835e-05	-0.0105321	0.000787664
-0.00128902	0.000741199	-0.000103232	-4.5011e-05	-0.00187859	0.000771717
0.000892487	-0.00041671	0.000297579	3.70513e-05	-0.0228729	0.000715738
0.00230881	-0.00109199	-0.000390493	0.000105626	-0.0193523	0.000975717
-0.0013801	0.000370417	0.000607858	-7.19913e-05	0.0300421	-0.00217082
-5.69237e-05	0.000568862	-9.53787e-05	-5.4641e-05	-0.0212952	0.00102981
-0.000875088	0.000267494	0.000445086	-6.72322e-05	0.000223879	-0.000316614
-0.00295003	0.000684491	-0.000192001	7.26694e-05	-0.0189676	-0.00130556
-0.00168357	0.000224633	-5.64778e-05	-4.51838e-06	0.00911612	-0.00102989
-0.00104013	0.000859199	-0.000422932	0.000251462	-0.00792028	0.000604771
-0.000174693	-0.000256276	-0.000643436	0.000166329	0.00158368	-0.000605863
0.000887623	-0.000861858	0.000307809	7.87789e-05	-0.016896	-0.00201592
0.000172242	0.000393042	0.000313142	3.47542e-05	0.00223145	-0.000612318
-0.000658883	-0.000132541	4.43842e-05	0.000158651	-0.00221841	-0.000625096
-0.0020082	0.00133151	-0.000234124	8.89086e-05	0.0189955	-0.00114258
0.000234593	0.000356154	0.00011995	8.29681e-05	0.00480656	-0.00113692
-8.05738e-05	-0.000231545	0.000208742	-3.20033e-06	0.00454818	8.31136e-05
0.00163712	-0.000576286	-5.05288e-05	-3.15172e-06	-0.0053961	0.000272561
-0.00211882	0.00124148	-0.000552387	9.41855e-05	0.0121362	6.09901e-05
0.000663896	0.00029516	-0.000393702	4.53856e-05	0.00318342	0.00362803
-0.00118146	-0.000175923	0.000395592	7.56258e-06	-0.0214395	-0.00204236
-0.00152267	0.000416626	0.000178907	-7.04463e-05	-0.00817626	-0.000735027
-0.00109552	-0.000105672	9.08634e-05	-9.40902e-05	0.0239192	-0.000778995
0.00237605	-0.000411998	0.000107438	-0.000163518	-0.00769631	0.00282336
-0.000410456	0.000409125	8.257e-05	6.57149e-05	0.00153672	-0.00107591
-3.41902e-05	6.2622e-05	0.000511304	-1.61884e-05	0.00767917	-4.8991e-05
-0.000126075	0.000521852	0.000427635	-0.000114567	-0.0123915	-0.000951545
0.000148087	8.96904e-05	0.000469052	-6.19656e-05	0.000895651	-0.000394381
1.80241e-05	-0.000455441	0.000538304	-8.96412e-05	0.0169603	-0.00141913
0.00179257	-0.000512842	-0.000526381	-8.82013e-05	0.0235696	0.00042454
-2.4406e-06	-0.000223577	-6.83975e-05	0.000126874	0.0291541	-0.000644665
-0.00131945	-0.000201127	7.06713e-05	2.24047e-06	-0.00340795	5.90388e-05
0.000419286	-0.000418097	0.000327641	-7.84723e-05	-0.00432907	-0.000728661
-2.19437e-06	-0.000188006	0.000316116	7.31602e-06	-0.0085989	0.000945308
-0.000136238	0.000288653	0.000237705	-0.000158885	0.00389655	0.000242474
0.000137379	0.000383213	8.05089e-05	-3.46479e-06	-0.0132484	0.000122303
0.00120297	-0.000547828	-0.000363016	-1.83719e-05	0.0138079	0.0014392
-0.000119911	-8.87002e-05	-0.000463231	7.70092e-05	-0.00171089	0.000240544
0.0021126	-0.000567034	-0.000292197	5.3048e-05	0.0226876	0.00101211
0.00184613	0.000130347	1.66843e-05	6.60214e-05	-0.00713972	-0.000528552
-0.000289376	2.25243e-06	-0.000362547	3.85114e-05	-0.00401311	0.000136267
5.49193e-05	0.000326483	0.000114672	-6.24546e-06	0.00147618	-0.000694489
0.000380576	-0.000637723	0.000309511	-7.29224e-05	0.0203965	-0.00019314
0.000607981	-0.000544146	0.000246728	-1.43095e-05	-0.00494268	0.000170661
0.00218946	-0.000295179	0.000312659	-4.33691e-05	-0.0172295	-0.000400225
-0.00149856	8.51942e-06	0.000480008	-9.53689e-05	-0.0016378	-0.000216116
-0.000165957	0.000115636	0.000524421	-0.000196054	-0.00143197	-3.7221e-05
0.00076707	-0.00025621	-0.000150038	-4.9491e-05	-0.0016236	-0.000592127
-0.00193159	0.000918084	0.000296135	0.000102377	0.0124631	0.000849162
0.00019324	-0.000191336	-0.000311649	0.000107592	0.0161191	-0.000238476
-0.000374203	0.000319757	-0.000548453	0.000155689	0.0268107	0.000791542
0.0014741	-0.000715158	-0.000259065	4.47198e-05	0.00153475	0.00191672
0.000853906	-0.000582047	0.000156859	0.000136799	0.0287199	-0.000191172
0.000675102	-0.000234605	8.49593e-05	4.20924e-06	0.00424603	0.000486328
-0.000358025	5.2084e-05	0.000189933	-3.26335e-05	-0.0162382	0.000271712
0.00139164	-0.000729768	-0.000138014	1.49077e-05	0.0089628	-0.000924791
0.000854147	-0.000369419	0.000511414	-2.11806e-05	0.00602639	0.00119729
0.000168269	-1.69583e-05	0.000193492	2.1247e-05	-0.0137154	-0.000144621
0.000896213	-0.000802797	-0.000830326	-0.0001276	-0.00334715	0.00293958
-9.39696e-05	0.000414917	-7.99046e-05	7.29185e-05	-0.015158	-0.000909714
0.00118665	-0.000390369	-2.85593e-05	0.000176048	-0.00560987	0.000471607
0.00197778	-0.00065461	-0.00059708	0.000116011	-0.0152515	0.000794243
0.00189679	-0.000701698	-0.000400713	-2.72075e-05	-0.0143575	0.000543005
0.00102919	-0.000305936	-0.000419534	0.0001035	-0.0208066	0.000450513
0.000111637	-5.9029e-05	0.00011614	7.94693e-05	-0.00340174	0.000555423
-0.00207835	0.000682339	0.000444875	-9.88969e-06	-0.0106963	-0.000661195
-4.69533e-05	0.000322607	0.000241165	-0.000208651	-0.0285545	0.000813215
0.000239776	0.000261153	0.000323278	1.90384e-05	0.0227438	-0.000203149
-0.00202663	0.000604327	0.000189859	-4.15382e-05	0.0152316	-0.000444369
-0.0014718	0.000611905	0.000290881	-7.70191e-05	-0.0132446	-0.0012155
-0.00100458	0.000324296	5.19015e-05	0.000113429	-0.00100028	0.00136498
-0.000204643	0.000255307	0.00057833	-7.82051e-05	-0.00284113	-4.94953e-05
0.000572912	-1.31369e-05	-0.000354185	0.000114287	0.0173852	0.00023184
-0.000944895	0.000180179	-4.5951e-05	3.24561e-05	-0.0109736	-0.00104104
9.04298e-05	-0.000225769	7.90956e-05	1.08773e-05	0.00556	-0.00195656
-0.000896633	0.000615114	-0.000289398	0.000100671	0.00567908	0.000751672
0.00131661	-5.50691e-05	0.000151951	0.000201767	0.00533656	-0.00100196
-0.00100958	2.45979e-05	0.000111282	6.35085e-07	0.00429503	-0.000731519
-0.000273671	-0.000483388	0.00066636	-8.99157e-05	-0.0199138	-0.000963685
-0.000727636	0.000270677	-0.000210268	0.000125731	0.00152303	0.00061372
-0.000985818	0.000364749	-0.000313724	-4.72892e-05	0.00356049	-0.000727735
0.000707655	-0.000241117	-0.000163157	5.14283e-05	0.0101887	0.000935642
-0.00203073	0.000998396	-0.000269925	6.61047e-05	0.0122992	-0.000982974
0.00046938	-4.35422e-05	-4.27635e-05	-0.00014219	-0.0155546	0.000347733
-0.000655051	7.49147e-05	0.000224232	-0.000113759	0.00442114	-0.000412332
-0.00170992	0.000699573	-0.000111163	6.11492e-05	0.00129173	-0.000521863
0.000852639	-0.000177839	-0.000324531	-3.58118e-05	-0.000478133	0.000642654
0.00237726	-0.000667503	-1.86963e-05	0.000128671	-0.00701568	-0.000912542
-0.000889944	0.000330483	-0.000349065	-0.000180035	-0.00479104	0.00122807
0.00161848	-0.000576546	-0.000224279	-1.04529e-05	0.00506189	3.709e-05
-0.000868314	0.000122237	0.000255637	0.000181206	0.00311158	-0.00122456
0.00054329	-0.000561705	8.85933e-05	3.75519e-05	0.00917174	0.000418513
-0.000751486	0.000278667	-0.000132736	0.000152707	0.00917711	0.000575383
0.000591236	-0.000640086	0.00056212	-2.94189e-05	-0.00485009	-0.000471968
0.000719582	-0.000228919	-0.000277819	-0.000118397	-0.014954	0.000197962
0.000564165	-5.13462e-05	-0.000329981	8.57978e-05	-0.00779703	-0.00240505
-0.000844939	0.000511285	0.000651662	-3.07077e-05	0.00593042	-0.00223121
0.000431786	6.07553e-05	0.000226304	-1.70348e-05	0.0107853	-0.000678522
-0.000232984	0.000350153	0.000134698	-2.92993e-05	-0.0170726	-0.000116591
-0.000375162	0.000669927	-0.000567204	4.78983e-05	0.00423015	-0.000747692
-0.000646956	0.000311075	0.000303379	-0.000110302	0.0276608	8.58292e-05
0.000244503	0.000189865	-3.37203e-05	-6.13561e-05	0.00226182	0.000239035
-0.000766839	0.000372525	0.000131535	-3.79237e-05	0.00413343	-0.00117117
-0.00158254	0.000417387	-0.000332026	4.03264e-05	-0.00749692	-0.00250071
-0.000669609	0.000622624	0.000268279	1.75669e-05	-0.0249884	-0.0016885
-0.000748397	5.96335e-05	-3.98248e-05	9.58803e-05	-0.0167983	-0.0015645
0.00148318	-0.000888326	-1.27958e-05	-1.98811e-05	0.009839	0.000375036
-0.000431048	0.000863803	-0.00013436	7.82544e-05	-0.0146954	0.000223061
-0.000775211	0.00019555	0.000321144	2.35254e-05	0.0144334	-0.000806827
0.00011097	0.000246432	0.000139502	5.5316e-05	0.0212918	-0.000511485
0.0013364	-0.000923862	0.000467569	-8.98584e-05	-0.0214677	0.000730458
-0.000685835	-0.000115684	0.000104614	7.38413e-05	-0.00342144	-0.00095777
-0.00166203	0.000508389	0.000227821	0.000108916	0.00614436	7.0711e-05
0.000376526	-0.000904725	-0.000289001	5.17129e-05	-0.0161912	0.00284891
0.000831698	-0.000351259	0.000135952	0.000120024	-0.0106222	0.000356084
0.00170509	-0.00138302	0.000714194	-6.26889e-05	0.0156013	0.000118224
1.1113e-05	0.000140346	0.000378238	-0.000126637	-0.00743419	-0.000444593
2.59401e-05	-3.66137e-05	-7.20361e-05	-0.000174804	0.0149798	1.2865e-05
-0.000154226	-3.48213e-05	-0.000200311	4.01554e-05	0.00258566	-0.000890439
-0.000302829	0.000176252	4.08693e-05	5.95651e-06	0.000792477	0.00117766
-0.00161828	0.000384905	0.000154692	6.43676e-05	-0.0360099	-0.00263263
0.000657759	-5.5916e-05	0.000314145	9.06207e-05	0.0241487	0.000261238
0.000423363	-0.000696747	4.45283e-05	0.000108917	-0.016405	-0.00100065
-0.000993389	0.000304419	0.000182379	-6.53532e-05	-0.0198933	-0.00244811
-0.00092617	0.00113721	0.000530658	-1.46612e-05	0.00772053	-0.000194236
-0.000584523	0.000734591	0.000462304	-0.000140391	-0.0121814	-0.00124006
0.00069532	-0.00104275	7.78898e-05	-8.35115e-05	-0.00661128	0.000286581
-0.00110624	0.000498497	-1.8255e-05	-5.32037e-05	-0.00255215	0.000672469
0.000455358	-0.00046913	-0.000182113	-6.6349e-06	0.0255271	5.69433e-05
0.000666751	-0.000165249	-3.83864e-05	6.54702e-05	0.00442827	0.000282118
0.00167134	-0.000478769	-0.000225201	-5.53479e-05	-0.0243657	0.000825401
0.000615482	-0.00034639	0.000694247	-5.57212e-05	-0.0202018	-0.00144482
0.000657274	-6.11275e-05	-8.01459e-05	2.56483e-05	-0.00106042	0.000336066
0.000430109	0.000314646	0.000182371	-7.55012e-05	0.0108947	0.0013894
-0.00043868	0.000227897	0.000481552	-9.03268e-05	0.00123008	-0.000172575
-0.00130957	0.00027191	-0.000336254	4.34783e-05	-0.0104161	-0.000632757
0.00128691	-0.00117111	7.43652e-05	-8.57331e-05	-0.0040631	0.00103501
0.000306883	8.58069e-05	-0.000198195	-4.26799e-05	-0.00188967	0.000974591
-0.00048436	0.000473958	-0.000186657	6.49523e-05	0.00399812	0.00114028
-0.00203857	0.000548733	-0.000483707	-0.000108446	0.00413472	-0.000760835
-0.000232916	-8.65077e-05	-0.000589385	0.000126426	-0.00882778	0.000169328
0.000962367	-2.35634e-05	7.95126e-05	6.21595e-05	-0.00377947	0.000316061
5.4561e-05	-5.45016e-05	-0.00016431	2.45209e-05	0.00115281	-0.000713763
0.000860494	-0.000177096	0.00011992	-4.83035e-06	0.00206647	-0.000377814
0.000707462	-0.000545317	-8.7426e-05	0.000154827	0.00688104	-0.000216941
-7.37594e-05	6.98774e-05	-0.000860822	0.00020472	-0.00461109	0.000873759
0.00054674	-0.000261992	0.000133048	-5.60862e-05	-0.0146916	0.000570063
-0.000192685	0.000581914	-6.41736e-05	0.000118303	0.0114294	0.00208915
0.000486819	-0.000576102	-0.000162208	3.08931e-05	-0.00820384	-0.00102955
0.000495556	0.000367249	0.000211402	-0.000149409	-0.0107319	0.000181352
0.000768813	0.000389381	-0.000225375	6.36801e-05	0.0178926	0.00128989
-0.00243446	0.00096545	0.000102871	6.94034e-05	-0.00207164	-0.000965038
0.000214538	-0.000290381	-0.000122249	0.000153596	0.00579744	-0.000715385
0.000156081	-0.000204001	-0.000388369	-5.76476e-06	0.0148424	0.000978799
-0.0012638	0.000653377	-4.54582e-05	5.45626e-05	0.00227728	0.000860677
0.0014976	-0.000408705	0.000170737	-7.47639e-05	-0.00198402	0.00144172
-0.000301948	-3.08848e-05	0.000132597	-2.53344e-05	-0.00837069	0.000525325
-0.000950273	-3.50787e-05	-0.000585831	0.000117958	-0.00837243	-0.000445331
-0.000149587	0.000116284	0.000296775	-0.000145782	-0.00228335	0.00144156
-0.000444019	0.000540114	-4.88948e-05	1.66931e-06	0.0014095	0.00127491
-0.000375981	0.000141182	0.000178734	-2.05154e-05	0.0166907	-0.00083839
-0.000108637	-9.4231e-05	0.000349883	-4.76257e-05	0.00661864	0.000227813
-0.00100213	9.7167e-05	0.000238914	-0.000197628	0.0164834	-0.00169873
0.00118254	-0.0009576	0.000119316	-2.2095e-05	-0.00786111	-0.000585693
-0.00223366	0.000592937	-0.00018357	9.53663e-05	-0.00304143	0.00164839
0.000105505	0.000144727	-0.000219926	0.000120065	-0.00200447	-0.000222127
-0.00110119	0.000826001	-0.000140738	-2.08418e-05	0.0101076	0.000193416
0.00128095	-0.000307959	-0.000344925	0.000164207	-0.0138467	0.00108875
0.00166779	-0.000225749	0.000661126	-0.00010512	-0.00351991	-0.000171242
0.000456182	-0.000764331	-0.000556286	4.77698e-05	0.00235661	-0.00102411
-0.000321699	0.000631892	-0.000812539	-5.73812e-05	-0.0170797	0.00224078
8.35909e-05	-0.000469734	0.000252727	7.6322e-05	0.0134897	-0.000710086
-0.00018946	3.45269e-05	-0.00045459	0.000100624	0.0202341	0.000379345
0.000388161	-0.000286433	-7.10527e-05	5.16666e-05	-0.0119573	0.000805361
-0.00145185	0.00021154	6.34846e-05	0.000184317	0.0111666	0.000286079
0.000136053	-0.000525697	0.000204088	-6.10969e-05	-0.00906945	-0.000151454
-0.000951199	0.000972141	-0.00033264	-7.28828e-05	0.0155905	0.000187625
0.00109313	-5.32548e-05	-5.1091e-05	-2.12088e-05	-0.00558832	-0.000430089
0.000234041	-0.000118039	0.00030782	-3.4129e-06	0.0112314	-5.92946e-05
-8.07927e-05	0.000206032	0.000180613	-7.84842e-05	-0.0140696	-0.00162849
-0.000310065	-0.000116062	0.000415799	-5.20137e-05	-0.00894253	0.000359892
-0.00107213	0.000175083	-9.15422e-05	0.000169294	-0.0142455	-0.000506771
0.00101895	7.76931e-05	-0.000396825	5.39042e-05	-0.0173778	-0.00133974
-0.000441033	0.000309978	5.14406e-05	-0.000159393	-0.00431326	0.00151317
0.00138725	-0.000844613	0.000234246	-4.31073e-05	-0.0142259	-0.00146202
-0.000675558	-6.89825e-05	-0.000195455	-1.35682e-05	0.00147256	0.00099161
0.00146131	-0.000259888	-0.000667525	-3.64636e-05	-0.0284661	0.00178926
-0.000216532	4.61188e-05	7.05272e-05	3.01505e-05	4.70952e-05	0.00114426
-0.00337667	0.00144077	0.000691786	-6.42651e-05	0.00906215	0.000438197
0.000262971	0.000799308	0.000126532	-0.000150988	-0.0143354	0.000872272
0.000300792	0.000371471	-0.000180884	-1.91437e-05	0.0125005	0.000966039
0.000666068	3.00409e-05	0.00023186	0.000192602	-0.00306122	-0.00129536
0.0014703	-0.000294883	-0.000913718	0.000117931	-0.00685888	0.00260767
3.34936e-05	-5.29206e-05	-0.000598104	6.67507e-05	-0.0324791	0.00259481
-0.00038009	-0.0002127	-1.79856e-06	0.000121919	-0.00160812	-0.00149832
0.000164337	-0.000169424	-0.000299062	5.83682e-05	-0.0190356	-0.00106265
-0.00172359	0.000577232	0.000228831	-7.56831e-05	0.00694802	-0.000415
0.000938892	-0.000414907	9.7457e-05	-8.152e-05	0.00826736	-0.000216521
-0.00261881	0.00109228	0.000456078	-0.00020496	0.00284513	0.000139226
-0.000343938	-4.36023e-05	-0.000146784	-6.00342e-05	-0.00814286	0.000229769
5.80524e-05	-1.846e-05	-0.000462461	6.38086e-05	-0.00263989	0.000345733
-0.00115847	0.000163509	0.000391061	-1.8579e-05	0.00932469	-0.00132493
-0.000853649	0.000365208	0.000387385	-7.17633e-05	0.0168509	0.000131607
0.000336998	-0.000136267	-0.000328262	9.22365e-05	-0.00964687	0.000432266
-0.000469832	0.000416074	-0.000825597	9.39803e-05	0.00380424	0.000304056
8.95048e-05	-0.00015313	-7.78756e-05	-0.000159503	-0.0205205	0.000745168
0.00098278	-0.000257479	0.000273543	7.07414e-05	0.00663099	-0.0021189
0.000597216	-0.00016793	-0.000565704	5.38276e-05	0.0172602	0.000761711
0.000402267	-0.000168447	0.000244254	1.14218e-05	-0.00197875	-0.000635069
0.000158721	-2.8828e-06	0.000141765	-9.09392e-06	-0.0131629	-0.000699113
0.000741605	-0.000287505	1.86002e-05	-1.12849e-05	0.0107976	0.00065965
0.00154691	2.05987e-05	-0.000176526	-8.45873e-05	0.00357555	0.00140718
-0.000220262	0.000682653	-8.49196e-05	-1.21933e-05	-0.0152191	-1.72365e-06
0.0007193	0.000187122	-0.00041994	1.25665e-05	-0.00694436	-0.000455657
-0.00108731	0.000520273	-0.000362637	-1.65312e-05	-0.00589789	-0.00016142
-6.26651e-06	3.47906e-06	0.000626493	-8.97455e-05	-0.00991356	-0.00130632
0.000726334	-7.91146e-05	-0.000563052	6.15052e-05	0.0107999	0.00158844
0.00192908	-0.000602402	-0.000178485	4.45988e-05	0.00536883	-0.000482225
-0.000961287	0.000586222	-0.000191392	-0.00014214	0.00733045	-1.47555e-05
-0.000389539	-9.13324e-07	0.000209955	-2.06289e-05	-0.0173498	-0.00232987
0.00125817	-0.000233529	0.000286258	3.51998e-05	0.0186794	0.000793557
0.000182242	-0.000237647	-0.00026145	3.5457e-05	0.0241464	-0.000406789
-0.00146115	0.000697425	0.000288584	1.86869e-05	0.00089711	-0.00123272
-8.18913e-05	-0.000192298	7.34589e-05	2.72404e-05	-0.000704291	-0.00260266
0.000935165	-0.000631224	0.000483494	-9.14887e-05	0.0194006	0.000356974
0.00141811	-0.000272209	-0.000124934	3.23716e-07	0.0108068	0.0025774
0.00109111	-0.000282886	-0.000394026	0.000113917	0.00257592	0.000836728
0.000215919	-0.000338036	0.000595652	-0.000238866	0.00383904	-0.00195268
0.000513214	0.000289156	-0.000817207	7.72978e-05	0.00294077	0.000950522
-0.001051	0.000353272	-6.44914e-05	-0.000135553	0.01296	0.00193936
0.000138951	0.000565218	0.000357782	-0.000123425	0.00620313	0.000669656
0.00119821	-7.42611e-05	0.00035236	6.49288e-05	-0.00148242	0.000829931
0.000328359	0.000203755	0.000155718	-0.000138045	-0.00261025	-0.000991937
6.7971e-05	-0.000404111	-2.58171e-05	-2.68353e-05	-0.00406509	0.00134923
-9.65196e-05	0.00021657	-0.000121382	-4.88222e-05	0.00512094	-0.000496196
0.00186206	-0.00102504	-0.000177538	-1.00721e-05	-0.00806289	0.000103466
0.000329779	4.83092e-06	0.000492077	7.70026e-05	0.0122743	-0.000656531
-7.80777e-05	-0.000640506	7.79203e-05	-4.94454e-05	-0.00380981	-0.00126378
-6.05984e-05	8.41283e-05	-0.000244402	-3.8765e-05	-0.000602157	0.000835551
-0.000462442	0.000230687	-0.000388786	0.000208819	-0.00928604	0.00106793
-0.000552995	-0.000126845	0.000628784	7.93587e-05	-0.013272	-0.00190733
5.36597e-05	-1.74987e-05	0.000429298	-4.42166e-05	0.0039041	-0.00147832
0.000947228	-0.000568005	0.000803929	-0.000153939	0.00629331	4.56545e-05
-0.00131197	-0.000142167	0.000156126	-1.63137e-05	-0.0062786	-0.00122908
-0.000386071	-0.000430279	-0.000130049	-5.00184e-05	-0.0115252	-0.000242318
0.000617251	-0.000152625	7.24519e-05	-0.000117093	0.000604614	-0.000118346
-7.99029e-05	0.00012886	0.000380424	-0.000238578	-0.0207598	0.00100976
0.000450528	0.000286482	-0.000520076	4.92928e-05	-0.00278017	0.000891129
-0.000448387	-0.000136335	5.41158e-05	-4.79425e-05	0.0161497	-0.000896157
0.00155258	-0.000515006	-0.000370298	5.95302e-05	0.0113756	0.000427542
-8.79849e-05	0.000230174	0.000268659	6.78829e-05	-0.0295574	-0.00032836
-0.000673598	0.000473213	-0.000218099	-4.36498e-05	0.00220035	-0.000564127
7.2734e-05	-0.000399063	-0.000680044	0.000123947	-0.0114276	0.00128414
-9.34364e-05	-0.000348507	4.16293e-05	0.000102128	0.0228231	-0.000378107
0.00110385	4.85136e-06	0.000570084	-9.68177e-05	0.00165526	-0.00100231
-0.00131764	0.000345956	0.000416418	4.00022e-05	-0.00864222	-0.00127654
0.00138823	-0.000417361	0.000334113	-1.53497e-05	0.0263271	-0.00118245
0.000972269	-0.000814994	-0.000267567	-0.000109593	-0.00565517	-0.000205305
-0.0001658	9.08901e-05	0.00124239	-0.000138927	0.0233473	-0.0011881
-0.00120864	0.00077534	7.01617e-05	6.50542e-06	0.0252364	8.24956e-05
-0.000453607	0.000526177	0.000481839	-4.93923e-05	-0.0116742	-0.000642849
0.000177869	-0.000296999	-0.000286347	-3.24043e-05	-0.00343586	0.000819638
-0.00117224	0.000411498	2.15023e-05	1.94626e-05	-0.0315329	-0.000477161
0.000382784	-0.000245185	0.000553514	-0.000117007	-0.0140134	0.000772739
0.000482066	0.000611138	-0.000428537	5.97428e-05	-0.0107568	0.000633958
0.000516688	2.09366e-05	-3.0711e-05	-5.07669e-05	0.017317	0.00122349
-0.000941234	0.000270111	-0.000408676	-9.43677e-06	-0.00333298	0.000742703
-0.00119502	0.000793691	-0.000382228	0.000119056	-0.0209078	0.00149762
-0.000426921	-5.69858e-05	0.000440424	-8.03966e-05	-0.0285462	4.02538e-05
-0.000326222	0.000498261	0.000164929	-0.000136329	-0.000968519	-0.000204283
0.0016031	-0.00133433	-0.000162445	-3.62549e-05	-0.00855529	0.000592255
0.000134583	0.000310904	0.000791843	-0.000117299	-0.00141263	-0.0005386
-0.000370728	-1.34995e-05	0.000101524	6.5591e-05	0.00635265	-0.000748939
-0.000462473	0.000193914	-7.94752e-05	-6.87332e-05	-0.00500474	0.00041613
-0.00124455	0.000729214	0.000314311	-4.45475e-07	-0.0106823	0.00118874
0.000697793	-0.000284019	-9.17389e-05	3.12202e-05	0.00923157	0.000606685
0.000162065	0.0001229	0.000258363	2.10305e-06	0.00846671	9.16914e-05
-0.000619822	0.000152616	0.000178642	-5.54462e-05	-0.0149607	-0.000960694
-0.000949325	0.000650128	-0.000228362	0.000121266	0.00156474	-2.72517e-07
0.000507634	0.00016896	-0.0001758	1.08996e-05	-0.0113604	-0.000465185
-0.000358905	-0.00020968	0.000121726	4.65017e-05	-0.00903859	0.000203466
-0.00165882	0.000265998	-4.52781e-05	-5.42853e-05	0.00193597	-0.000480296
-0.000496977	0.000160664	-0.000408131	-0.00012693	0.0212566	-0.000541988
-0.000678018	0.000220953	-2.69148e-05	-0.000135271	-0.0173979	0.000103512
0.000239463	0.000254195	0.000225808	-0.000133103	-0.0031967	0.000703448
-0.000436701	0.000350684	0.000605146	-6.42447e-05	-0.00411171	-0.000800106
-0.000260947	0.000235822	-0.000759045	4.23416e-05	0.012856	0.00213311
0.00116331	-3.47163e-05	-8.49994e-05	-6.78471e-05	-0.0146867	0.000858225
-0.000485319	-5.08217e-05	0.000332754	-0.000117134	0.0174677	-0.000839407
-0.00060786	3.44157e-05	-0.0001014	-1.89802e-05	-0.0209326	0.000340709
-0.00128039	7.9504e-05	-0.000289143	-1.44604e-05	0.0120654	-0.00178972
4.91915e-05	0.000193606	0.00014437	2.19575e-05	0.00175309	0.000992987
-0.00106538	0.000853161	-0.00021669	-3.20224e-06	-0.00415529	0.00296343
-0.00175473	0.000144256	-1.35515e-05	-7.70949e-05	0.0112202	-0.000510633
0.000153538	0.00013108	-0.000538004	-3.07364e-06	0.00959557	0.00140076
0.000154288	-0.000166822	0.000225417	-7.74327e-05	0.00666661	0.00124917
-0.0011702	-0.000104557	0.000215653	0.000127718	-0.0222526	0.000474274
0.000192042	0.000151658	-0.000216811	3.00412e-05	-0.000780111	-0.000327586
-0.000845847	-6.96937e-05	0.000125559	3.33475e-05	0.0140377	-0.000688996
-0.000723919	0.000168759	-0.000213224	4.41158e-05	-0.0139799	-0.000639228
0.0011676	-0.000187376	0.000175089	1.13197e-05	0.0229432	-6.07611e-05
0.00051571	0.000275343	-1.6779e-05	9.86131e-06	-0.00598531	0.00182006
0.00160114	-0.000179866	-0.000197889	-7.69604e-05	-0.0057967	0.000716694
-0.000549378	-0.000218477	-0.000312145	8.80727e-05	0.02482	-9.63964e-05
0.00040072	-0.000295469	-0.00021139	6.13363e-05	0.00111509	0.000235032
-0.000417675	0.000390719	-5.57329e-05	0.000133426	-0.0128437	0.00123468
-0.000113334	0.000426098	4.69403e-07	-3.99423e-05	0.0161447	0.000240309
0.00124012	-0.000554829	0.000111464	3.77342e-05	0.0231858	-0.00102408
-0.000636745	-9.58473e-06	-8.75494e-05	2.3452e-05	0.00392412	-8.87917e-06
0.000561494	-0.000580753	-0.000152232	7.83648e-05	0.00481034	-0.00117848
-0.000731477	0.000800188	-0.000359859	-2.0999e-05	0.0166854	0.000578894
-0.00122614	0.000822027	-0.000391877	0.000106594	-0.0180936	0.00082397
-0.00161187	0.000648779	-0.000204301	-6.71065e-05	-0.00581867	-0.000715046
0.000849214	-0.000719974	-0.000341028	3.28576e-05	-0.0126906	-0.000701417
-0.00023768	-0.000250479	5.93028e-05	-2.79289e-05	0.00879158	-0.000754535
0.000106735	0.000193827	0.000452571	-0.000112527	-0.00566048	0.00177559
-0.00110626	0.000592727	0.000195872	2.91454e-05	0.0241462	0.00050627
-2.07363e-05	-0.000344119	0.00022129	-0.000215883	-0.0187899	-0.00222993
-0.000538828	3.40032e-05	-8.21117e-05	8.63966e-05	0.0104588	-0.000888126
-0.00136116	0.000817507	-0.000376213	0.000156813	0.000246237	0.000993957
0.000638265	2.62664e-05	0.000528685	-6.3191e-05	-7.86912e-05	0.00069383
-0.000629582	5.78275e-05	0.000731306	2.05729e-05	0.0047059	7.44341e-05
0.000807765	-0.000495395	0.000608203	-0.00012194	-0.0169834	0.00020325
0.00110454	-0.000625089	0.00072529	1.10848e-05	0.00429887	0.00112826
0.00115314	-0.000377133	6.1661e-05	3.7553e-05	0.0234464	0.00128303
-1.46251e-05	3.1928e-05	0.000513916	-0.000121984	-0.00464457	0.00135525
0.00113742	-0.000426837	0.000231888	-8.66852e-05	-0.00451816	0.000268192
-0.000554247	0.000202301	-0.000613168	0.000139223	-0.0262409	0.000375431
-0.000506753	6.69323e-05	0.000514762	-2.70166e-05	-0.00421031	-0.00109738
4.8871e-05	-0.00027509	-0.000190998	2.6375e-05	0.00740121	0.000368101
0.00188124	-0.000573608	-0.000651732	0.000150617	-0.00578626	5.08752e-05
0.00123637	-0.000345784	0.000646405	-4.37981e-05	-0.00133835	-0.00237636
-0.000129733	-0.000305379	0.000393443	-0.00010551	0.00832432	-1.92943e-05
0.00144905	8.71474e-05	0.000405747	-9.33751e-05	-0.00993181	-0.000782661
0.000722403	0.000336292	7.56242e-06	-5.5581e-05	-0.00871067	0.000441857
0.000661503	-0.00015021	-0.000174657	-7.99957e-05	0.00906655	0.00029199
-0.000249282	0.000164278	0.000135899	-0.000111312	-0.0237133	7.04687e-05
0.000271286	-0.000609094	0.000143401	6.34047e-06	-0.0237386	0.000849285
0.000270464	0.000139661	0.000219293	3.68633e-06	-0.00680732	-0.000461443
-0.000945177	0.00028216	-4.25916e-05	-9.85666e-06	0.00853317	-0.00140464
0.000577265	-0.00022972	0.000992233	-3.83519e-05	-0.00170712	-0.00186384
0.00085601	-0.000337044	3.70539e-05	0.000114286	-0.00959532	0.000104064
0.000821067	0.000166024	-0.000303055	0.000151	0.0135906	0.000783091
0.000795854	8.62905e-05	-0.000122563	6.88029e-05	0.0262548	0.00126078
0.000916684	-0.000368187	0.00013217	2.15796e-06	0.00608355	-0.000528511
0.000700376	-0.000212362	-5.3602e-05	7.3535e-05	-0.00350911	0.000395025
0.000961462	1.47967e-05	0.000166212	-7.08166e-06	0.0067808	0.00209477
0.000318044	0.000284923	-0.000524945	0.000189924	-0.0164638	0.000370154
0.00079438	-0.000555325	6.56264e-05	3.39465e-05	-0.0256989	-0.000580098
0.00211962	-0.000420968	-0.000289939	5.81601e-05	0.00931924	0.00100003
-0.00129128	0.000201762	3.0025e-05	-7.68555e-05	-0.0269028	0.000492562
0.00110925	-0.000980732	0.000137572	2.97917e-05	0.00805522	0.000148512
-0.00200945	0.000487494	2.76553e-05	7.19556e-05	0.0105839	0.000318795
-0.000241734	0.000256973	-0.000476663	2.28085e-05	-0.00156327	0.00194585
0.000454389	0.000405758	-0.00033686	7.6875e-05	0.00205182	0.0012535
-0.000380796	-0.000180538	6.0197e-05	0.000105913	-0.0180142	-0.00034697
-0.00239633	0.000589536	3.68101e-05	6.45213e-05	-0.00581348	3.38987e-05
0.000385829	-0.000669759	0.000263497	6.43375e-05	0.0105621	-0.000510023
0.000108579	-3.0473e-05	0.000256653	-0.000184231	-0.0135935	3.31986e-05
0.000484168	-0.000586548	-8.53797e-05	-6.58394e-05	-0.00233538	-0.00144803
3.12074e-05	-0.000226954	-5.24948e-05	-5.90393e-05	-0.00522678	0.000353665
0.000151436	-0.000585258	8.94203e-05	0.000103071	-0.0129489	-0.00022983
-0.00152398	0.000330424	0.000378115	-9.48994e-05	0.00307707	0.000721845
-0.000810124	0.000609341	-6.87287e-05	5.27633e-05	-0.0132167	0.000954416
0.00032674	-0.000691165	0.00019089	-0.000153132	-0.00881674	0.000307137
0.000637836	-0.000189835	0.000895648	-5.76395e-05	0.0124746	-0.000595991
-0.000380798	-6.05859e-05	1.77168e-05	0.000151458	0.0150153	-0.00042553
-0.000477535	0.000317601	4.16664e-05	1.50131e-05	0.0138999	-0.000979474
-0.000165719	0.00045733	0.000428291	-6.82678e-05	0.00453723	-0.000182029
-0.00230865	0.000903109	-0.0001366	0.000111087	0.00263233	-0.000951715
0.00135955	-0.000876143	0.000131947	0.000170645	-0.0181817	0.000169965
0.00024445	0.000461505	-7.01244e-05	7.19841e-05	0.0178118	-0.000591073
0.00137441	4.09038e-05	2.24754e-05	8.91818e-05	-0.0181471	-3.35394e-05
-0.000570429	-0.00091572	6.6029e-06	9.85113e-05	0.0126683	0.000324249
0.000644533	-0.000401386	-0.000234139	-5.11953e-05	0.0255127	0.000961841
-0.00085814	0.000995706	0.000330119	-1.34025e-05	-0.0166332	-0.000444072
0.0006635	-0.000184632	0.000201	-7.90441e-05	-0.0132318	-4.12766e-05
0.0016307	-0.00030466	-0.000280393	0.00016525	0.0185233	0.000462791
-0.00225478	0.000781797	-3.68156e-05	-3.36019e-05	-0.00813548	-0.00202407
-0.000580406	-0.000222274	0.000497811	-2.27953e-05	0.0038422	-0.000416567
0.00112395	-0.000743928	0.000854504	-0.000111978	0.0204196	-0.000333926
0.0010243	-0.000225235	-7.47567e-05	9.19101e-05	-0.0130841	0.00141013
-0.000760051	0.000529045	-0.000310338	0.000123507	0.0221991	-0.000159797
-0.00101978	0.000814186	-0.000546377	4.99245e-05	0.00521446	-0.00091126
-0.000235448	0.000256064	-0.000289083	5.53861e-05	0.00328186	0.00044168
0.000124225	-0.000289733	0.000436086	-9.33419e-05	-0.00816151	0.000159352
0.000583182	-0.000168765	0.000835682	-6.11372e-05	-0.00700924	-0.000778965
-0.00054721	0.000433326	0.000118558	-7.58262e-05	0.0189118	-0.00027425
-0.000913825	0.000271035	-0.000542024	6.01739e-05	0.0144368	-0.000608534
0.000941547	-0.000347402	-0.000179272	-3.90195e-05	-0.0232267	0.000810957
-0.000828934	0.000154376	-0.000574006	0.000194524	0.0081727	-1.20314e-05
-0.000989387	0.000549166	0.000413804	-9.94742e-05	0.00860247	0.000347544
-6.57272e-05	-0.000269739	-0.000211015	-2.80319e-05	0.000918217	-0.000275687
-6.60324e-05	-0.00021742	0.000374505	-1.32232e-05	0.00908069	0.000185726
-0.00125362	0.00028787	-9.69678e-05	6.35928e-05	-0.00982826	-0.000893676
0.00161376	-0.000606365	0.00043103	4.69939e-05	0.00236816	-0.00187261
0.00118547	-9.78322e-06	6.08837e-05	-0.000142862	-0.0118544	0.00111456
-0.000138165	-0.000695959	-7.62847e-05	4.56836e-05	0.0051778	-0.00054988
-0.0011471	0.000237751	0.0008073	-9.39274e-05	0.0162153	3.64817e-05
-0.00120535	9.67277e-05	0.000378365	-0.000208558	0.00427267	-0.000984625
0.000932599	-0.000524426	-1.88285e-05	-2.66073e-05	0.0165178	0.00099765
-0.00104014	0.0010128	-4.9302e-05	0.00013033	0.00189218	-0.000325873
0.000388174	-0.000444397	1.15833e-05	-8.59178e-06	-0.0139006	-9.42592e-05
0.00115028	-0.000952143	0.000820566	-0.000107303	0.0112874	-0.000630667
0.000347536	0.00019675	0.000424412	-2.33374e-05	-0.00136972	-0.000938575
-0.00071745	0.000406171	-0.000224234	-0.000143879	0.00890015	-0.000381323
-8.16809e-05	-0.000236175	-0.0001858	0.000215131	-0.00612642	-0.000978622
0.00108241	0.000359192	-0.000329732	1.9922e-05	0.0178656	0.00142078
-0.000348041	0.00025378	-0.000238363	0.00024725	0.0110067	0.000796837
-0.000314759	0.000259024	0.000289845	9.05246e-06	0.00698297	0.000223318
-0.00091399	0.000298644	-0.000230146	2.33122e-05	0.00402482	-0.0014131
0.000477107	3.89162e-05	-1.12814e-05	-9.61415e-05	-0.0151251	0.00149504
0.000408512	-5.70549e-07	0.000307046	3.59174e-06	-0.00187039	9.02774e-05
-0.000364403	-1.36666e-05	-0.00030669	6.93969e-05	-0.00987974	0.000478984
4.67766e-05	0.000509514	-0.00016961	-8.99452e-05	0.00610538	0.000872523
0.00114317	-0.000478136	-0.000847658	0.000108655	-0.0160439	0.00106506
-0.00178289	0.000568653	-0.000421752	6.14176e-05	0.00603462	0.000843788
-0.00100746	0.000308793	0.000276207	2.98325e-05	-0.0340932	-0.00156965
-0.00134938	0.00053941	0.000283404	-0.000102181	0.0140298	-0.00084175
-0.000843971	0.000485307	-6.06591e-05	7.93256e-05	0.00329445	-0.000236624
0.000661732	0.000305187	-3.08569e-05	9.86518e-05	0.0148062	-8.70668e-05
-0.000320634	3.8581e-05	-0.000368797	0.000155972	0.0141905	0.00110218
-0.00134573	0.000876633	-0.000314687	5.50424e-05	0.0104457	0.00178482
0.00130067	-0.000982682	-0.000140294	-2.28859e-06	0.0125462	0.000372594
-0.000248136	6.1613e-05	-0.000270681	-3.93116e-05	0.0149733	0.000410341
0.00178015	-7.70263e-05	-0.000118026	-0.000314083	-0.00148287	0.00161693
-0.000384055	4.64654e-05	-8.69976e-06	0.000194685	0.013218	-0.004151
-0.000300075	-0.000138797	-0.000406894	5.66831e-05	-0.017979	0.000805442
0.000256191	9.33734e-05	-0.000264137	1.1652e-05	-0.00466849	0.000320979
0.000885082	-0.000274991	0.00035296	0.00012507	0.00253653	0.00014817
0.00121441	-0.0007942	-0.000262266	3.91937e-05	-0.0203315	0.000714891
-3.03522e-05	-0.000339023	1.98663e-05	6.53358e-05	0.0185378	5.00467e-05
-0.000260622	-9.20743e-05	0.000354037	-8.57965e-06	0.00038238	-0.000918984
0.000372429	-6.47677e-05	0.000772666	4.55918e-05	-0.0234607	-0.00208624
0.000332702	0.000185487	-1.36522e-05	-0.000142122	0.00681705	0.00184587
9.06048e-05	-0.000177845	-2.62104e-05	1.25714e-06	-0.000419393	0.00135291
0.00173432	-0.000277027	-0.000168828	1.02325e-05	-0.0141624	-4.0203e-05
-0.000806428	0.000202071	4.73423e-05	-0.000120182	-0.00322027	-0.0012
-0.000515453	0.000233514	0.000300299	-4.26493e-05	-0.00932963	-0.000490278
-0.000888638	-8.43304e-05	0.00052444	-8.72329e-05	0.00268057	-0.000312086
-0.00108951	0.000321722	0.00015144	3.03694e-05	-0.000674112	0.000242617
0.000158788	-0.000116266	0.000621481	-4.60099e-05	0.00134565	-8.63625e-05
-5.66831e-05	0.000425252	-0.000741217	0.000123284	0.00333489	0.000319494
0.000582564	0.0006152	-0.000143859	3.10393e-05	-0.00128203	0.00139859
0.00147491	4.96734e-05	-0.000329338	-6.47883e-05	0.00174353	0.00112601
0.000252557	0.000213658	0.000236318	5.79813e-05	0.0175114	-0.000540973
0.000822358	0.000461324	-0.000101755	1.91443e-05	-0.00464832	0.000278573
-0.000513356	-1.56939e-05	-0.00107985	-8.24089e-05	0.00807409	0.00240277
0.00059726	-0.000501726	9.97387e-05	8.39986e-05	0.0201843	0.000317092
-8.71765e-05	-0.000109713	0.000688246	-8.19475e-05	-0.0225237	-0.000694936
-0.000212228	-3.3306e-05	-0.000391597	0.000146053	0.00938851	-5.27271e-05
-0.000468948	0.000457729	-5.3481e-05	-2.21013e-05	-0.00973694	-0.00131486
-0.00106789	0.00048864	0.000757286	-6.51067e-05	0.000185409	-0.00174997
-0.00121778	-6.26753e-06	0.000173773	-9.51822e-05	-0.0180876	9.36605e-05
-0.00058075	0.00066421	0.000115957	-4.88799e-05	0.000735224	0.000967751
0.000212851	-0.000126433	4.74037e-05	3.74246e-05	-0.00426603	0.0001115
-0.00023062	0.000657364	0.000568877	-9.4609e-05	0.0120865	0.000835572
-0.00175277	0.000140908	-0.000493397	-1.46847e-05	0.000364801	-0.000765871
0.000305511	0.000362325	0.000166394	-9.06655e-05	-0.00391545	-0.000154278
0.000824845	-0.000453013	0.000611581	-0.000107547	-0.0154351	-0.00170446
0.000222115	-0.000397236	2.01993e-05	0.000140619	-0.00726066	-0.000466491
-0.00132188	0.000551525	0.000303397	3.43069e-05	-0.0267013	-0.00162059
-0.000372481	-0.000218475	-0.000114873	-6.37524e-05	-0.00639882	-0.00100587
0.00142555	-0.000914342	-0.000238667	8.81889e-05	0.00987574	-0.000154432
0.000643305	0.000290668	0.000306227	-6.01329e-05	-0.00783046	0.000640941
0.00138753	-0.000321282	-0.000505023	7.43207e-05	0.0222974	0.00085318
-2.63829e-06	0.00037485	0.00023634	-3.61775e-05	0.0109191	0.000589231
0.000310323	-0.000591722	0.000703501	-3.46781e-05	0.010423	-0.00112487
0.000149996	-0.000246199	0.000213557	-8.90241e-05	-0.0103584	0.000792765
0.00160065	-0.000700326	-0.000383382	-9.60507e-05	0.0148925	0.000741792
0.000836191	0.000100492	-0.000438643	-8.59902e-05	0.0126905	0.000970592
0.00073639	0.000458727	-0.000361208	8.25643e-05	-0.00049894	0.000430222
0.000654681	-0.000386197	0.000101269	0.00015309	-0.00409483	-0.000337136
0.00031536	0.000199247	0.000113065	3.92767e-05	-0.0316374	0.000538002
0.00125804	-0.000556106	-0.000427348	0.000113885	0.00821909	-0.000463246
0.000586661	3.29756e-05	0.000468533	-6.18221e-05	0.00593146	-0.000295569
-0.000601783	9.77837e-05	0.000254704	-7.72218e-05	0.00757185	-0.000128778
-0.00183082	0.000971717	5.5326e-05	6.88875e-05	0.00607624	0.000508125
0.00019336	-0.00038797	-7.1278e-05	5.52065e-05	0.00856503	-0.00129632
0.00166476	-0.000623472	-0.000648413	0.000103276	0.00608664	0.000876288
0.00104376	-0.000347843	0.000662162	-9.90511e-05	-0.01242	-0.000804454
0.000506957	-0.00029675	0.000321122	1.49575e-05	0.00436918	-0.000506604
-0.00163131	0.000741603	0.000159033	0.00013464	0.0125814	-0.000401058
-0.000990991	0.000385272	-0.000246385	6.77797e-05	-0.00697367	0.000576664
4.28968e-05	0.00020385	0.000374591	9.04757e-05	0.0251156	-0.000155863
-0.000565603	0.000617308	-9.76154e-05	-9.62387e-06	0.0047941	0.00026489
-0.00021721	0.00034092	4.12773e-05	-0.000103706	0.000801356	0.00147454
-0.000465617	-6.26562e-05	0.000168494	1.73736e-05	0.0167354	-0.00143444
0.000172509	0.000269856	-0.000324761	0.000101962	-0.00818894	0.00106264
-0.00106965	0.000122636	-0.000162985	-3.49669e-05	-0.00804028	0.000402325
-0.000346097	-0.000112928	-0.00070219	0.000151142	-0.0060521	-0.00022573
8.38361e-06	-6.28043e-05	-0.000131407	-3.28757e-05	0.0231339	0.00123366
-0.00217733	0.000590972	-0.000737152	0.000102623	-0.0061548	0.00103374
-7.71025e-05	9.08463e-05	0.000177131	-2.00712e-05	0.00418808	0.00114559
0.00156772	-0.000632472	0.000774005	0.000214928	-0.00751195	-0.000703703
0.00115514	-0.000205697	-0.000212622	8.75569e-05	0.00467906	0.000157588
-0.00104433	0.000542794	-0.00011122	-7.52972e-05	0.0105246	-0.000553917
-0.000593573	0.000681051	-7.8549e-05	-7.00003e-05	-0.00223234	0.000799664
-0.00111779	0.000267652	0.000130608	-7.97163e-05	0.0106316	-0.00177506
-0.000677548	7.35625e-05	0.000378043	0.000114952	-0.00243763	-0.000638219
-0.000231938	0.000340628	-0.00090659	5.98427e-05	0.00215697	0.00102889
0.000427026	-0.000191075	0.000681089	-0.00010672	0.0178231	0.00027614
0.000464595	-0.000354875	0.00029766	-0.00012269	-0.00568062	0.00164003
-4.735e-05	-7.84858e-05	-0.000201497	5.87791e-05	0.0075328	0.00140266
0.000651417	3.31371e-05	-0.000141146	-1.13736e-05	-0.013966	0.000367709
-0.00036475	0.000157048	-0.000717502	7.74134e-05	0.00738568	0.000681109
6.1628e-05	-0.000460739	0.000754678	-0.000179803	0.00812246	-0.000245535
5.79326e-05	0.000105258	-0.000316074	-6.69708e-05	0.00492628	0.00060901
-0.00175519	0.000457775	-0.000576396	0.000113658	-0.0102339	-0.00156425
-0.00023561	0.000227737	-0.000431512	0.000129	0.00192635	-0.000647731
0.000333414	-0.000287786	-0.000257979	0.000107183	0.0218699	0.00149268
-0.000374597	6.95151e-05	0.000424136	1.37717e-05	0.00674943	-0.00160427
-0.00129101	0.000317517	0.000515614	-2.88445e-05	0.0271109	-0.00033673
0.000375557	0.000179341	-5.10842e-06	5.08009e-05	0.0109534	-0.000605783
-0.00046913	0.000213114	2.63714e-05	-6.56228e-05	0.00353944	0.000168532
0.000752751	-0.000106782	0.000169841	1.06975e-05	-0.000407795	0.00176498
-0.00157523	0.000731217	-0.000609274	0.000130421	0.00850715	0.000460589
-0.00115882	0.000296511	-0.000286962	0.000176425	0.025142	0.00114686
-0.000872567	0.000197303	0.000165548	0.000114373	0.0248237	-0.000103956
0.000645718	-0.000488391	0.000291464	4.48682e-05	0.00407553	-0.000748397
7.71999e-05	-0.000314863	0.000517261	-3.52899e-05	0.00070234	0.000178976
-0.000649161	0.000386267	-0.000137231	-0.000127241	0.00326659	-8.54182e-05
-0.00131325	0.000307206	-0.000260073	-1.20256e-05	0.0043645	0.000100633
0.000300202	0.000147166	-0.000544006	5.29534e-05	-0.00241987	0.000517483
0.00145527	-0.000697175	-0.00018475	3.22911e-05	-0.0215913	-2.2918e-05
-0.00048932	0.000356603	0.000264349	-0.000157012	0.0136444	0.000646093
0.000383578	-0.000330938	-0.00021069	0.000141815	0.00153157	-0.00132283
0.000270992	-0.000209242	-0.000105622	-0.000138328	0.0308823	0.000229978
-0.000668481	0.000398585	1.1287e-05	-6.39167e-05	0.0212424	0.00146706
-6.81339e-05	0.000594348	-0.000372093	-4.43654e-05	0.0145023	-0.00102085
0.000834615	-0.000273643	0.000468963	-0.00012688	-0.0126594	0.000522031
3.52285e-06	-0.000560055	0.00032702	1.85807e-05	-0.00229389	-0.00087588
-0.000395818	-7.73275e-05	-0.000573376	0.000242407	-0.0234342	0.0002514
-0.00218746	0.000606997	2.93195e-05	8.41417e-05	0.00336368	-0.000812151
0.000439081	0.000288435	-0.000122721	7.83069e-05	-0.018188	0.000414152
0.000138361	-0.000200507	-0.00015529	2.24373e-05	-0.00423973	0.000210719
4.83552e-06	0.000248406	0.000333279	-8.69936e-05	0.0167505	-0.00107451
-6.24704e-05	0.000535421	0.000295456	-4.20288e-05	-0.0163226	0.000323612
-0.00061986	0.000372054	0.000932902	-0.000104484	-0.000237393	7.29941e-06
0.00076117	-0.000603972	0.000151553	-2.94796e-05	0.0174438	-0.00130016
-0.000215394	-0.000235133	0.00048054	-4.08108e-05	-0.00321203	0.000247284
-0.000828443	0.000244322	-0.000533301	-7.44885e-05	0.00310853	0.000387992
0.000380055	-9.44276e-05	-0.000274858	0.000179435	0.00493097	-0.000964928
-1.62784e-05	0.000401995	0.000254235	2.51038e-05	-0.00577423	-0.000509215
-0.000296658	6.58681e-05	8.8741e-05	-6.59996e-05	-0.0344849	-0.00118226
-0.00148138	0.00090732	-6.94936e-05	-7.63713e-05	0.00688723	-0.000369757
0.00134327	2.66615e-05	0.00032138	-0.000127204	0.00721133	-0.000508073
-0.00020743	-3.76396e-06	-3.15381e-05	2.14683e-05	-0.0240436	-0.0004518
-0.000425504	0.000643732	-0.000797504	-3.71535e-05	-0.00323686	0.00122038
-0.000481976	0.00022245	0.00028019	-9.16999e-05	0.0172183	-0.00064223
0.00073244	-0.000550735	-0.00024622	2.58166e-05	0.0124308	0.000688106
-0.000131613	-0.000451121	0.000480556	-0.00015298	0.00463868	0.000608652
0.000298671	-0.000546153	0.000219237	-7.00696e-06	0.00245658	0.000224163
0.000880959	0.000432874	-0.000388014	0.00012685	0.0032255	-0.000536847
-0.00149057	0.000225333	-0.000208603	0.000239427	-0.0135747	-0.000484057
0.00188579	-0.000249924	-0.000533435	-2.87197e-05	0.0162711	0.00156168
-0.00186594	0.000498215	-3.96505e-05	5.73753e-05	-0.00960859	-0.000502316
2.08636e-05	0.000124387	-6.4766e-05	-0.000161283	-0.00880548	0.000201706
0.00100225	-0.00062754	-6.35167e-05	-6.55479e-05	0.0129411	4.16177e-05
0.00141906	-0.000354384	0.000271983	0.000127987	-0.00197105	0.000827656
0.00180377	-0.000316449	-0.000458862	4.24403e-05	0.0100657	0.00154537
0.000164348	-0.000129865	-0.000876127	0.000244025	-0.000887791	-0.000162059
0.000512959	0.00024472	-0.000371173	-0.000180311	0.0202982	0.00123732
-0.000246295	0.00020965	-0.000134008	1.47811e-05	-0.0052468	0.000501415
0.0015617	-0.000356406	-0.000382379	0.000149867	0.00608125	0.00109076
0.000258834	0.000267778	-3.99296e-05	-7.28216e-05	0.00250183	0.000705161
-0.000201105	-0.000337118	-6.2859e-05	-5.25547e-05	0.00861747	0.000254675
7.09047e-05	0.000520525	-7.01419e-05	3.14126e-05	-0.00432653	0.00129877
-0.000263773	0.000683228	-0.000256337	0.000139569	0.0010378	0.00118593
0.0005827	7.37469e-05	-3.33345e-05	0.000113382	0.0183978	0.000677677
-0.000784255	1.14488e-05	-1.57759e-05	-1.76507e-05	0.0239965	0.000591445
-0.00079576	0.000568435	0.000907697	-0.000103781	0.0241246	-0.000925573
-0.00094427	0.000183761	-0.000181484	-3.96709e-05	-0.00146606	-7.92874e-05
0.000310876	-0.000180857	0.000287586	-0.000103215	-0.00409327	-0.000156214
-0.000386264	3.62852e-05	0.000394399	1.44513e-05	0.0117795	-0.000727362
-0.000680938	0.000702788	-5.42796e-05	1.63e-05	-0.0200854	0.00159811
-0.000167033	0.000362264	-0.000555448	2.62417e-05	0.00717566	0.000866826
-0.000277579	-0.000469327	0.000133313	-5.36026e-05	0.00260446	7.5042e-05
0.000670536	-0.000178274	-0.000460175	2.32087e-05	-0.00214756	0.00213913
0.00183527	-0.000611966	-0.000182653	0.000229602	-0.00646643	-0.000341022
-0.000611237	0.000889308	0.000198637	-2.84516e-05	-0.00582956	0.00141693
-0.000571253	-0.00013494	6.50578e-05	0.0001396	-3.9079e-07	-0.000821119
0.000805453	-0.000554173	-0.000381419	1.70932e-05	0.00847417	0.000166489
-0.000411579	0.000287348	-0.000270146	-6.28958e-05	-0.00331818	0.000223586
0.000107486	-0.000333844	0.000333225	1.50291e-05	-0.00824857	-0.000512132
-5.40683e-05	-0.000548995	-0.000833494	0.000159006	0.00547125	0.00144114
-0.00128219	0.000700746	0.000535106	-5.88274e-05	-0.0223179	-0.00101742
0.000378556	-0.000210502	0.000231698	1.58967e-05	-0.0322412	-0.000750136
-0.000784345	0.000749867	-0.000135671	-1.22005e-05	-0.00537709	-6.86488e-05
-9.59797e-05	0.000322816	-0.000137868	-5.16655e-05	0.0099572	-0.000439446
0.00021303	-0.000102387	-3.3016e-06	0.000192733	0.00954457	-0.000163314
-0.000216228	0.00120862	-0.000650857	9.43478e-05	0.0239512	0.000571231
-0.000183428	0.000333293	-7.25861e-05	0.000105837	0.0156568	4.14007e-05
-0.000772207	5.5205e-05	0.000519012	2.28614e-05	-0.0241117	-0.00088316
0.00154924	-0.000828083	-0.000114401	-4.23614e-05	-0.00757516	-0.0011406
-0.000660076	-0.000500705	0.00109976	-0.000107933	0.00302359	-0.00148605
-0.00114316	0.000236623	4.88387e-05	0.000194949	0.00776578	-0.0013072
0.00137478	-0.000432004	0.000667149	-0.000176187	-0.0173098	0.000712616
-3.75104e-05	0.00026301	0.000275087	-3.2543e-05	-0.0073638	-0.00118383
-0.00047776	0.000469014	-1.56551e-06	-9.34145e-06	0.020527	0.0005285
0.000332569	-3.46903e-05	1.56718e-05	-0.000150519	-0.0131225	-0.000878388
0.000766714	5.47487e-05	-0.000511133	0.000145855	-0.0219956	0.00021223
1.83684e-05	-0.000179049	-0.000490047	9.25018e-05	0.0103582	0.000169823
0.000340039	-0.000145325	0.000380305	-1.26573e-05	-0.0041338	0.000903709
-5.50699e-05	-0.0001599	-0.000152344	8.94472e-05	0.00289952	-0.000233502
-0.000288297	0.000263441	0.000173648	-7.84684e-05	0.0131053	-0.000364501
6.47838e-05	0.00033157	-0.000617773	-1.99872e-05	-0.0113293	0.00167762
-0.000670014	0.000247647	0.000642748	-7.89829e-05	0.0163162	-0.00117331
-0.00107472	0.000578387	-0.000385963	0.00010652	-0.0130664	-0.000790619
-0.00031159	-0.000193904	-0.000332821	-7.48585e-05	0.0131254	0.00155108
-0.000327355	0.00021312	0.000196285	-4.95288e-05	0.0157558	0.000981239
-0.000623583	0.000140775	0.000407734	-0.000179713	0.00351702	-0.000864459
-7.40935e-05	0.000352765	0.000458912	5.25826e-05	0.0116087	-0.00150545
0.00144969	-0.000462852	-0.000118365	-6.76673e-05	-0.0305249	-0.000286832
0.000577104	0.000320797	-8.73703e-05	-5.31697e-07	0.00260718	-0.000370684
-0.000285741	0.000124578	-0.000102001	4.19374e-06	-0.0169349	-0.000552187
-0.00168569	0.000283483	0.000342974	-4.26732e-05	-0.00912662	-0.00192836
0.000651464	-0.000505406	0.00073693	-7.38123e-05	0.00572908	-0.000355666
-0.000795467	0.000660934	0.000134454	-7.48766e-05	-0.00834018	0.000286463
0.00103923	-0.000476564	-0.000250512	3.85461e-05	0.000836717	0.000545218
0.000812913	-0.000366383	0.000734192	-0.000318309	-0.0047034	0.000861115
-0.000209701	-0.000127367	3.20136e-05	7.07118e-05	-0.0042744	-0.000202989
-0.000451197	-0.000224679	0.000154404	-6.0686e-05	-0.0164577	-0.00077194
0.000206008	-0.000256823	-0.00029381	0.000172923	0.00332838	0.00022942
0.000320286	-0.000405873	0.000792866	-0.000225066	-0.00166867	-0.00040366
-0.000239462	-0.0003657	-0.000169356	-1.3768e-05	-0.0114291	-0.00175271
0.000739423	0.000364171	0.00044437	-0.00013749	0.0227596	-0.000556758
0.000746042	-0.000204922	-0.000514887	-0.000108608	-0.0202896	0.000785818
0.00137021	-0.000136976	-0.000571516	6.17294e-05	-0.00260813	0.00209702
0.00203328	-0.00119354	0.00036845	-7.34324e-05	0.0015828	-0.00153201
0.000282935	0.00030783	-0.000153826	5.54513e-05	-0.00172583	0.000355501
0.000593831	-0.00077348	0.000215154	-5.14726e-05	0.0202674	-0.00151564
7.33226e-05	0.000306737	-2.33828e-05	9.15703e-05	-0.00160911	-0.00116013
0.000107422	8.97109e-05	0.000124938	-0.000170392	-0.0366325	-0.000146774
-0.000464215	-0.000230602	-0.000276395	0.000120735	-0.00679347	0.00078029
0.00184088	-0.000507193	-0.000918673	3.60522e-05	0.00713537	0.00265487
0.000443588	-0.000150401	-0.00117091	0.000214381	-0.0153855	0.00153861
0.00160909	-0.0005858	-0.000479837	-0.000113244	-0.0154765	0.00103774
-0.000998682	0.000200053	0.00038408	-7.36963e-05	0.00226519	-0.000530919
0.000147188	0.000107805	0.000262444	3.3239e-06	0.0114086	0.000238296
-0.00117678	0.000649917	7.69256e-05	2.45382e-05	0.0139456	-8.31686e-05
-0.00163938	0.00060837	0.000370082	-0.000131377	-0.0114912	3.01296e-05
-0.00203235	0.00120313	0.000304349	-7.11016e-05	0.0294265	-0.000499793
-0.00101214	0.000621699	-7.04584e-07	0.000115591	-0.000175837	0.000774427
0.0022477	-0.000909824	0.00013613	4.06899e-05	0.0112423	-0.000207645
0.0011869	3.35849e-05	-0.00060529	0.000155015	0.00715859	0.000246594
-0.000823877	8.21105e-05	-0.000696259	6.08319e-05	-0.00201464	-0.00172249
0.000333213	0.000142042	-0.00030481	4.00323e-05	-0.00748833	-5.54847e-05
-0.000289113	0.000301837	0.00015823	0.000132094	-0.00357529	0.000523226
0.000786396	0.000258029	0.000112617	-7.89608e-05	-0.00721165	0.00106385
-4.10273e-05	-0.000280175	0.000177502	-1.85152e-05	0.0119655	-0.000500799
-0.00105517	0.00106389	0.000307639	-4.43738e-05	-0.0039624	-0.000925032
0.000560382	-0.000399526	-0.000726378	-0.000188947	-0.0227308	0.0016718
-0.00189031	-5.53492e-05	-0.000199071	0.000214532	0.0164593	-0.00215353
-0.000187796	0.000463158	-6.48201e-05	-3.05557e-05	0.0154214	-3.08151e-06
0.000385221	-0.000246514	8.82048e-05	-6.74266e-05	-0.00677362	0.00135566
-0.000706238	0.000799099	-0.000644337	-2.1791e-05	-0.00190904	0.00155317
-0.000327296	0.000444214	0.000736282	-0.000162449	-0.0134543	0.000107585
0.000292725	-0.000405628	0.000660312	0.00011209	-0.00261592	-4.06179e-06
-0.000604761	-0.000109732	-0.000500854	-0.00010901	-0.0179967	0.000506386
-0.0002301	-7.51294e-05	3.5803e-05	0.00019049	0.000989507	9.3759e-05
-0.000576581	-0.000108553	-2.64984e-05	0.000142931	-0.0276309	0.000681169
-0.00155037	0.000552864	0.00017857	-5.74587e-05	-0.000726507	-0.000476902
0.00047785	0.000160865	-0.000571264	-0.000134305	0.0202593	0.000416109
-0.000181587	0.000344319	0.000291149	-1.12819e-05	-0.0132088	0.000104355
-0.000694989	8.79621e-05	-0.000183761	-1.4963e-05	-0.00307434	-0.000572628
-0.000717454	0.000246284	-0.000510215	8.03283e-05	0.00446405	-0.000117602
-0.000384201	0.000142581	-0.000158106	4.54684e-05	-0.00803846	0.000661523
-0.000239421	-0.000379647	0.000163706	-5.31495e-05	0.00492888	0.00084428
-0.00105865	0.000735007	0.000686421	-8.963e-05	-0.00356932	0.000504592
0.000333245	-0.00082284	-0.000673173	3.1515e-05	0.0205784	0.000481553
-0.000299219	0.000410115	0.000241302	-3.97993e-06	-0.00305775	-0.00137376
0.00128126	-1.1681e-06	-0.000121054	3.69e-05	0.0199532	0.000308556
-0.000619862	7.12158e-05	0.000385876	-1.38337e-05	-0.0089059	0.000329194
0.00110787	-0.000608529	3.22966e-05	-1.62156e-06	0.00802385	4.9535e-05
-0.000374949	0.000433844	0.000193132	-0.000103825	0.00151393	-0.000635958
0.000464603	1.34647e-05	-0.000106565	-7.43377e-05	0.0145891	-0.000410807
0.000333569	0.00018711	-0.00053939	3.15925e-05	0.0084821	-1.70662e-05
0.00209086	-0.00102325	0.000501618	-9.55612e-05	-0.00480689	0.00113639
0.000358368	4.95829e-05	0.000219566	2.05128e-06	0.0212444	0.00137562
-0.000819222	0.000121367	-8.40098e-05	-6.7073e-05	-0.0184137	-0.000662236
0.000390456	-6.64605e-05	0.000352184	4.63841e-05	0.0120883	-0.000720957
0.000373221	-9.2912e-05	-0.000134373	0.000117618	0.0357534	-0.000493223
-0.00147515	0.000861197	0.000418649	-4.58881e-05	-0.00227682	-0.000925576
-0.000231852	-0.000151739	-0.000346669	-4.5302e-05	0.0049383	0.00182143
0.000914365	-0.000894191	-0.000177622	6.25969e-05	-0.0100519	0.000243953
0.00105049	-0.000261584	-0.00073782	6.98186e-05	-0.006854	0.00090918
-0.000583523	-0.000133767	0.000339955	-4.99569e-05	0.00513651	-0.000129707
0.000574584	-0.000100894	0.000509537	-8.25641e-05	-0.00336476	-0.000206434
0.00200654	-0.00099492	0.000607172	3.41084e-05	-0.0191694	-0.00239601
0.00141977	-0.000222836	-0.000599968	2.27583e-05	-0.00169287	0.000932672
-0.00169015	7.71985e-05	-0.000137882	3.13489e-05	0.0225552	0.000187266
0.000107741	9.43313e-05	-0.000185666	6.88463e-05	-0.0146568	0.000189328
0.000628517	4.62097e-05	-0.000185194	1.05938e-05	-0.0139882	0.00105558
0.000484057	-1.61657e-05	0.000344523	-2.57997e-05	0.00396764	0.00127759
0.000585296	-0.0013181	0.000681807	-0.000292874	-0.0235689	-0.00141346
-0.000375794	0.00068778	-6.43804e-05	-1.17526e-05	0.0116978	-0.000561645
0.000769847	-0.000457041	-0.00014084	-4.22747e-05	-0.0117768	-0.00182719
0.000266158	-6.65443e-05	0.000447649	-8.94786e-05	0.00178779	0.00017875
0.000604561	-0.000602829	-0.000447298	0.000258559	-0.00895524	-0.00187554
4.7868e-05	-0.000637862	-0.000104253	8.06911e-05	0.0205904	-0.00129341
-0.0015127	0.000537269	0.000568245	7.45483e-05	-0.00313617	-0.00163897
-0.0011223	0.000227175	-0.000240421	-0.000119703	0.0169642	0.000598697
-0.000269394	0.000190197	0.000181903	-5.04825e-05	0.029377	-0.000227294
0.000571868	-0.000295451	-0.000704972	0.000102885	-0.00872082	0.000461405
0.000867999	-0.000556135	0.000660203	-1.3615e-05	-0.0146492	-0.00200287
0.00113186	-0.000179778	-0.000192782	-2.80936e-05	-0.0167202	0.0010203
-0.00145037	0.000182245	-0.000533262	-9.37754e-06	0.0126394	0.000527854
-0.000554365	0.000566456	-0.000295853	2.63016e-05	0.0310347	0.00106496
0.000219148	2.60164e-05	0.000216397	-2.797e-05	-0.000410861	-0.000217386
0.000257349	0.000223902	-0.000346169	6.13483e-05	-0.0325834	0.00076123
-0.000152827	-0.000119022	0.000207151	4.91734e-05	-0.0097902	-0.00100115
-0.000732929	0.00080219	-0.000697777	7.2122e-05	-0.00304433	-2.22969e-06
0.000826758	-0.000658934	-0.000350328	7.82322e-05	0.0184216	-0.00139466
0.000480833	-0.000366325	-0.000355914	-6.18723e-05	0.00404472	0.00194566
0.000156408	0.000493862	0.00063363	-0.000141383	-0.00726149	0.000738812
0.00149374	-0.000459327	2.33977e-05	4.70191e-05	0.0165423	0.00053173
-0.000996249	8.8544e-06	-0.000188919	-3.07197e-05	0.0127018	0.00121515
6.90615e-05	4.8968e-05	-0.000120536	-7.70576e-05	0.000326061	0.00170562
0.00113408	-0.000883029	0.000334527	5.75489e-05	0.00118513	-0.00115411
0.00109249	0.000123956	-0.000378323	0.000197428	0.0255077	-0.000110319
0.00084466	-0.000252457	0.00015938	2.71518e-05	0.00818916	-0.000415805
-0.000679776	-9.14897e-05	0.000435682	-0.000259339	-0.0110806	-0.00053992
0.000411019	0.000135367	0.000103672	-3.06048e-05	0.00535393	-0.000706347
-0.00140384	0.000570088	0.00022217	3.62312e-06	0.00788132	-0.00146367
0.000134864	-0.000311171	6.81591e-05	0.000185533	-0.0180765	-0.000184303
-0.000126443	8.31925e-05	-0.000471306	3.29243e-05	-0.00301102	0.000536421
0.000777093	4.9242e-05	-0.000585685	0.000162867	0.00386558	0.00167262
0.000815183	-0.000183947	-0.000482234	-7.52715e-05	-0.00824251	-0.00157954
-0.000200287	0.000388374	0.000646335	-2.31771e-05	0.0156115	-0.00188267
0.00118816	6.21245e-05	-0.000616509	-1.05818e-05	-0.00702855	0.00152349
0.0018407	-0.000698341	-0.000150474	-8.74656e-06	-0.0174831	0.000656877
0.000550793	-0.000607097	8.02987e-05	-2.71882e-05	-0.0119059	-0.00142417
-0.000596657	0.000562213	-0.000128908	4.90943e-05	0.00582823	-0.000532487
-0.00164334	0.000630625	-0.000411723	5.44638e-05	-0.0149194	0.00108186
4.74444e-05	8.42159e-05	0.000707234	-0.000124148	-0.0128423	-0.000604889
-0.000449836	0.000137318	2.1901e-05	-6.99052e-05	-0.0218399	-0.000526546
-0.000371518	0.000201159	0.0008937	-3.31523e-05	-0.0155345	-0.000586009
0.00250294	-0.000958354	9.96736e-05	-2.70447e-05	0.00663156	0.00146062
0.00102915	-7.2516e-05	-0.000422734	0.000116086	0.0238218	-0.0001713
0.00185881	-0.00124932	-6.61569e-05	-2.77076e-05	-0.00407426	0.00085802
0.00061033	0.000270442	-0.000130353	-3.90889e-05	-0.00452799	6.22197e-05
0.000505606	0.000192675	-6.88305e-05	0.000116208	0.00197206	0.0012438
-0.000768077	0.000202519	-0.000267749	0.000116342	-0.0192306	0.000374888
-0.0014892	0.000499221	0.000151293	7.93234e-05	-0.00238754	-0.000861636
-0.00106995	0.000520844	-7.64715e-05	4.66242e-05	0.00285484	0.000165794
-0.000812867	0.000291971	-3.46965e-05	-0.000122926	0.00851474	0.00073641
0.000556957	-0.000134921	-0.00038009	-1.72488e-05	-0.00360989	0.00188
6.80139e-05	-0.000161776	0.000558889	-2.55854e-05	0.00300332	-0.000116306
-0.000385777	3.92913e-05	0.000116585	-6.48178e-05	0.0327352	0.000406745
0.000363839	-0.000636115	0.000112952	0.000153133	0.00229655	0.000102669
-0.000620721	0.000245068	-0.000138762	0.000168303	-0.0121264	0.000258914
0.000323477	-0.000668919	0.000384139	1.35936e-05	0.005899	-0.000717174
-0.000124514	-0.000618807	-0.000384963	0.000144252	0.033215	0.00146096
0.000599252	-0.000252057	0.000296225	-0.000266212	-0.0168126	-0.000723708
-0.000241877	0.000288335	-7.89507e-05	0.000221134	0.00728289	-0.00159225
-4.88865e-05	1.37134e-05	0.000570526	-5.48092e-05	0.003261	1.86601e-05
-0.000622	6.69366e-05	0.000240879	-1.53327e-05	-0.0277121	-0.000663358
-0.0018074	0.000714537	-0.000367279	-2.62165e-05	0.0110163	0.000319275
-0.000646355	0.000459967	-0.000105481	0.000145565	-0.00938358	-0.00126853
0.000583681	-0.000280301	0.000247225	-3.21422e-05	0.0163228	-0.00104847
0.00153737	-0.0001838	9.16047e-05	-6.77025e-06	-0.00894924	-0.00199246
-5.44755e-05	-2.44668e-05	0.000103921	-1.40245e-05	-0.00273033	-0.000476486
0.000784121	-0.000777045	0.000414431	-0.000175279	-0.0005352	0.000100654
0.00120633	-0.000111612	-0.000554676	6.51262e-05	0.0201076	-0.00027857
-0.00100513	0.000200335	3.40305e-06	-7.3942e-05	0.00471071	-0.00015348
0.0010933	-0.000718573	2.00781e-05	4.21399e-05	0.0107071	-0.00034452
0.00376795	-0.000900257	-0.000823857	5.87903e-05	0.000185063	0.00300937
0.00114708	-0.000228153	0.00087774	-9.68332e-05	-0.0159876	-0.000681898
0.000696445	-3.83526e-06	2.39411e-05	2.24113e-06	-0.00782154	1.49188e-05
-0.00107065	-0.000154692	0.000350879	-4.20551e-05	-0.0177599	0.00228362
0.000529484	-0.000127233	0.000135986	1.43888e-05	-0.00943776	-2.93437e-05
0.000558295	-0.000276181	-0.000413505	0.000101739	-0.0306519	0.000208579
0.00062441	-0.000679309	-0.000219491	0.000191964	-0.0123921	0.000136348
0.000727147	-0.00044667	-0.000610945	-5.29389e-05	0.0100966	0.000727443
0.00161621	-0.000649882	-0.000520398	4.8642e-05	0.00688668	-0.000493756
0.000157698	0.000678311	-0.000527283	-8.15672e-05	-0.0171103	0.000465171
0.000945153	-2.82576e-05	-0.000514109	4.93771e-06	0.00024857	0.00081568
0.00135532	-0.000119073	-0.000511643	-1.42607e-05	0.0227652	0.000354611
-2.53477e-05	-0.000254422	-0.000101425	-9.0302e-05	-0.0011432	-0.000500784
-0.000415435	-6.00527e-05	-0.000171003	-3.97902e-05	-0.0112589	0.000751743
0.00124271	-0.000100473	0.00031329	-7.55868e-06	0.0162391	0.00118251
-0.000681528	0.000170062	0.000159066	-0.000123012	0.0345623	0.00078771
-0.000717492	-0.000322377	-0.000861187	0.000158868	-0.00233933	-0.000718136
0.000733799	-0.000688142	-0.000241757	0.000154904	-0.00624211	-0.000251992
-4.89231e-05	-0.00019954	1.57237e-05	0.000138462	-0.0155249	-0.000268737
0.0010316	9.0296e-05	-0.000484697	0.000164427	0.00738923	0.000772712
-0.000636906	-3.26517e-05	-2.65361e-05	3.07381e-05	0.00814983	0.000246318
-0.00168724	0.000538944	-0.000615346	0.000218386	-0.00090968	0.00103613
0.000212578	-0.000210194	-0.000356833	1.90871e-05	-0.00219955	3.49055e-05
0.000841972	0.000218757	-0.000583897	-3.32705e-05	-0.0134887	0.00244258
-0.000448356	0.000405596	0.000317153	4.9937e-05	0.00198071	-0.000165358
-0.000663604	0.000252364	0.000399103	9.8919e-05	-0.0213478	6.49094e-05
0.000176891	0.000201107	-3.32361e-05	3.68004e-05	0.0112087	0.00107636
0.00181526	-0.000659281	0.000138687	-6.09022e-05	0.0117645	-0.000241853
0.00129053	-7.12143e-05	0.000515639	-7.30231e-05	0.0182489	-0.00169119
-0.000610955	0.000364375	0.00040248	6.47158e-05	-0.00373245	-0.000845505
0.000477886	4.3233e-05	0.000129764	-7.29818e-06	-0.000211078	-0.000372545
-0.000566242	-0.000167253	-0.000531432	-5.92592e-05	-0.00372972	0.00124304
8.18664e-05	-0.000430845	2.68721e-05	-0.000101158	0.010085	0.000776084
0.00088682	-0.000546454	0.000133688	2.70138e-05	0.0119844	-0.00135684
-0.000881683	0.000353264	-0.000309613	-2.21927e-05	0.000880783	-0.000485938
0.000130851	0.000573339	0.000138475	6.11913e-05	0.00646947	0.00116993
-0.000597722	0.000163204	-0.000781256	0.000106879	0.0090689	0.00114209
0.000972393	-0.000460282	7.03422e-05	-0.00010194	0.0130992	0.000920584
0.00076844	-1.62253e-06	-0.000170175	-8.53998e-05	-0.000115171	2.15869e-05
0.00108014	-0.000216824	0.000507853	-0.000147058	-0.00267867	-0.000662594
-0.00103127	0.00055403	-0.000333812	7.97038e-05	0.00719313	0.000323609
0.000556951	4.28966e-05	7.03206e-05	-0.000120271	0.0150099	-0.000953911
-0.00145301	0.000913023	-0.000787543	0.000134778	-0.0256721	0.000845208
0.000727232	-6.61264e-05	4.67155e-05	-0.000118603	0.0130037	-0.0019575
0.00117502	-5.03832e-05	-0.000169439	-6.52186e-05	0.00847071	-0.00107138
-9.76516e-05	0.000260104	-0.000225623	-2.76735e-05	-0.0138672	-0.000631986
9.60981e-05	6.15558e-05	0.000136369	-0.000159746	0.0119173	0.000292793
0.00114253	-0.000636932	0.000478961	-6.47272e-05	-0.00322112	-0.000794193
0.000739127	-0.000312135	0.000110863	5.51457e-05	0.017001	-0.00099236
0.00189553	-0.000127268	-0.00011843	-3.07865e-05	0.0247	-8.9586e-05
0.000595714	-0.000705094	0.000313333	-0.0001148	-0.027539	-0.00154401
0.000417376	-0.000215688	7.35959e-05	-2.48339e-05	-0.00745629	-0.000194077
0.000118217	4.1157e-05	0.000311277	7.06675e-05	0.0119638	-0.000975144
-0.00169669	-6.25021e-06	0.000719143	-6.93585e-05	0.0240624	-0.00120028
-0.000663338	-0.000190349	5.31361e-05	0.000132992	-0.0095356	-0.000995203
-0.00166974	0.000446374	0.000163487	0.000182758	0.00559073	-0.000947844
0.00109363	-0.000353655	0.000161374	3.73193e-07	-6.70584e-05	-0.0017081
0.000957087	-0.000128366	-0.000654304	0.000123997	0.00530859	0.00171589
-0.000838546	-0.000299359	1.34773e-05	-3.03419e-05	0.00797955	-0.00230321
-0.00271316	0.000880721	0.000329176	4.54146e-05	-0.0103801	-0.0012642
0.0007876	7.51329e-05	0.000654548	5.66078e-05	-0.0178627	0.000597169
0.0005104	0.000418351	-0.000794934	-4.81628e-05	0.0306647	0.00173937
-0.000147293	-0.000541005	4.44334e-05	-9.1238e-05	-0.000555763	-0.00043246
-0.000225749	0.000387992	-0.000447382	4.97565e-05	0.00664373	0.00136569
-0.000442995	0.000245817	0.000610022	4.83139e-05	-0.021415	-0.00303865
0.000555386	-0.000725204	-0.000346838	0.000136385	0.00890104	0.00120486
0.000763328	-0.000573716	8.94037e-05	5.37599e-05	-0.00478535	-0.000906984
-0.00105929	-5.83103e-05	0.000147918	4.82644e-06	-0.00256339	0.000588123
0.000206597	0.000207951	0.000129227	-1.52343e-06	-0.00269844	-0.000919344
-0.000108268	-4.0593e-05	-0.000533767	6.52077e-05	-0.0153392	0.000234637
0.000263889	5.66815e-05	0.000203699	-1.56241e-05	-0.0225184	-0.000370391
0.00144693	-0.000616949	-0.000247529	9.20351e-05	0.00406507	0.000753871
-0.000151635	0.000219317	0.000113768	-0.00015397	0.0199181	0.0012754
-0.000876222	-0.000125233	-0.000101467	6.39831e-05	0.0168116	5.7297e-05
-0.00106388	0.000402618	-0.000180897	-0.000135491	-0.00680172	0.00231885
-0.00026133	0.00051358	-0.00036269	-5.52734e-05	0.0081387	0.000877182
0.000294952	-0.000266085	0.000180443	-0.000165916	-0.0117419	-5.04017e-05
0.00147307	-0.000581545	0.000285454	-5.54345e-05	0.00517837	0.000232366
-0.00207998	0.000547203	0.000843269	-1.82765e-05	0.000626068	-0.00397404
-7.69621e-05	1.30638e-05	0.000204779	-0.000159002	-0.013896	0.000680356
-3.02062e-05	-3.83627e-05	0.000663548	-9.32813e-05	0.0046948	0.000315708
0.00114689	0.000119141	-0.000186304	0.000134722	0.0014079	0.000900184
-8.8874e-05	-1.11952e-05	0.000587585	-1.04824e-05	-0.00213196	0.000644886
0.000294412	0.000354735	0.000195595	8.05683e-06	-0.00631495	-0.000887617
0.0010966	-0.000598225	-0.00023806	-0.000240577	-0.00601457	0.000745431
-0.00123362	0.000550768	0.000772503	-6.81207e-06	0.0164018	-0.00220481
-0.000981316	-0.000285003	0.000327357	0.000133758	0.0168506	-0.000590784
-0.00101175	0.0012049	-0.00039996	-6.28009e-05	0.00438623	0.00110066
0.000614005	-0.000387753	0.000307266	-0.000183106	0.0053271	-0.000357775
-3.98359e-05	0.000319248	-0.000496938	3.45326e-06	0.00447926	5.05846e-05
-0.00206388	0.000438397	0.000335052	9.59354e-05	0.00364558	-0.00212139
-0.000952395	0.000377551	-0.000148345	7.04028e-05	-0.0156879	0.00066581
0.000262724	-0.000367002	-2.61133e-05	-2.86772e-05	0.0213874	0.000345763
0.000250968	-0.00014545	-0.000211858	3.7393e-05	0.0161572	-0.000763529
0.00159017	0.000182425	0.000166755	6.40927e-05	0.00557904	0.000939771
-0.000294506	0.0003475	-5.61085e-06	0.000103654	0.000611652	-0.000983141
-0.000529494	-0.000495692	-8.47656e-06	0.000127825	0.0055457	-0.000744909
0.00068702	0.00017188	-0.000452107	-1.12442e-06	-0.00777532	0.000912453
-0.00164278	0.000464436	0.00028651	-9.13614e-05	-0.00753972	-0.00174922
0.000660767	-3.1644e-05	-0.000123942	2.02356e-05	-0.0159664	0.000634023
-0.000908148	0.000857775	-0.000320052	-2.46384e-05	0.0350149	-0.000140523
0.000118354	0.000682018	-0.000272594	5.27321e-05	0.0196684	-0.000153588
0.000520472	5.26571e-05	-0.000457009	-7.40311e-06	-0.000188107	-0.000193605
0.00052746	0.000208243	-0.000586707	8.98124e-05	0.0150842	0.000429157
0.00134699	-0.00100432	0.000820103	-6.30792e-05	-0.0232668	0.00024629
-0.000645927	0.000173034	-8.37286e-05	0.000124252	0.013099	-0.00140611
-1.2539e-05	0.000136269	0.000847287	-2.67044e-07	0.00148818	-0.0015217
-0.00173103	0.00116788	9.3983e-05	-9.31542e-05	0.00638402	-0.000268844
0.000506327	6.05953e-05	-0.000498143	3.79341e-05	0.00300199	0.00132061
0.00138643	-0.000813204	-0.000237224	5.18757e-05	-0.00496854	0.000208908
0.0018041	-0.000311823	-0.00046615	0.000139686	0.0144217	0.00144663
0.000102808	0.000242368	-0.000195088	-1.63233e-05	0.00970486	-0.000818859
1.80605e-05	-3.38684e-05	-0.000653494	-4.36079e-06	0.0162791	0.000984856
-0.000129487	-8.83102e-05	-5.21735e-05	5.77099e-05	-0.0123583	3.79226e-05
-9.43412e-05	-0.000344352	4.14133e-06	-7.82073e-05	0.0120028	-0.000187794
-0.000647239	0.000488178	0.000180211	4.72869e-05	-0.0021202	0.000828705
0.000397368	-0.000242448	-0.000871648	7.76709e-05	-0.00617521	0.0013304
-0.000779289	0.000187414	-0.000351817	-1.17941e-05	-0.000379435	-0.000360504
-0.000292202	0.000413509	-0.000786386	9.73415e-05	0.00137229	-6.64604e-06
0.000348746	-0.000503853	-0.000947097	8.10264e-05	-0.0190501	-0.000552754
0.000918868	-0.000809878	0.000334586	-9.05351e-05	-0.0144383	-0.00075848
0.00092923	-7.28086e-05	-0.000451146	9.45555e-05	-0.00411318	0.0014886
0.000730695	-0.000831959	0.000484695	-0.000153375	-0.00394071	0.000891946
-0.00104988	0.000209106	-0.000165291	-2.67716e-05	-0.0161492	-0.000577228
0.000658948	-0.000373057	-0.000175983	-0.000148388	-0.00452247	0.000226862
-0.000885503	1.70808e-05	6.3327e-05	-9.65682e-05	0.011948	-0.00148145
0.00118996	-0.000709847	-0.000369758	-6.46912e-05	0.00838772	0.00131497
-3.95083e-05	-0.000175278	-0.000252189	7.37637e-05	-8.3948e-05	0.00114353
-0.000838627	0.00037785	-2.90276e-05	8.16035e-05	-0.022428	-0.000970153
0.00217146	-0.000750874	-0.000112389	2.74916e-06	0.00358768	0.000129234
0.000831579	-0.00016491	-8.7429e-05	7.98295e-05	-0.00417657	-0.000710757
-0.000429528	0.000215725	0.00100958	-0.000110629	0.0047002	-0.00175262
0.000339087	-0.000116723	-0.000246206	8.0571e-05	-0.0109485	0.000311797
-0.00168234	0.000520221	8.80173e-05	-0.000121171	0.000160308	-3.56746e-05
-0.000146746	1.66723e-05	-0.000254516	-1.66694e-05	0.0125511	0.00114079
-7.74727e-05	0.000722886	-0.000217297	-2.05258e-05	0.0146374	0.00111699
4.9861e-05	-0.000164971	-0.000371152	5.42621e-05	-0.0204702	0.000672091
-0.000496693	0.000129112	-3.60914e-05	7.69937e-05	0.0100025	0.000950993
0.000650205	5.32913e-05	-0.000133657	0.000146787	0.00707023	0.000684276
0.00102171	-0.000220568	0.000715008	1.88615e-06	-0.000503854	-0.0025827
0.00127301	-1.5063e-05	-0.000256244	0.000169913	-0.00284781	-0.00149352
-3.80701e-05	2.40759e-05	0.000204599	-7.81564e-05	-0.0140326	-0.000633564
-0.00115923	0.000163469	0.000140108	2.38508e-05	-0.028787	-0.000512309
0.00117001	-0.000615136	0.000104335	-0.000145867	-0.00602449	0.00128688
0.00052618	-0.000444856	-0.000728787	7.96196e-05	0.0243749	-0.000526229
0.000146618	0.000286232	1.25379e-05	-3.33658e-05	-0.0175348	-0.000363007
5.66271e-05	-0.000366334	-0.00031375	3.13731e-05	0.00797272	0.00121908
-0.00114151	0.000231594	0.000256662	6.18886e-05	-0.0108199	0.000720091
-0.00100842	0.000237874	-0.000254613	9.42217e-05	-0.00723273	-3.13221e-05
0.000234609	9.37216e-05	0.000183537	-1.79984e-05	-0.00942897	-0.000247884
-0.0012606	0.000388036	0.000395874	8.68294e-05	-0.0174335	-0.00077559
-0.000347288	-3.0518e-05	0.000353951	-0.000175187	-0.00360239	-0.000165343
-0.000458964	0.00047554	0.000636191	-0.000105658	0.024271	0.000653026
0.00108026	-0.000236458	-0.000330159	-4.57799e-05	-0.00135749	-6.89576e-06
0.000319483	9.92543e-05	0.00033068	2.48898e-05	0.0004664	0.000208745
-0.000856575	0.000787208	-0.000264825	9.44314e-05	-0.00790502	0.00142486
-0.00157868	0.000873582	-9.79551e-05	9.88925e-05	0.00370385	-0.000394168
0.000780744	-0.00119585	0.000312756	-2.16991e-05	-0.00779698	-0.000292742
-0.00238672	0.000683671	0.000734193	-0.00010258	0.00125088	0.000325367
0.000298055	-0.000450564	-0.000105487	9.65524e-05	-0.0178674	-0.000880735
-0.00245938	0.00101871	0.000777925	-0.000171316	-0.0038855	3.44761e-05
-0.00191839	0.000729034	0.000205957	1.48454e-06	0.0205586	0.000748166
0.000157132	-0.000821517	-0.00083719	0.000163757	0.0179551	0.00108276
