@ NAME             %06s "SURVEY"
@ TYPE             %06s "SURVEY"
@ TITLE            %03s "TLe"
@ ORIGIN           %16s "5.03.04 Linux 64"
@ DATE             %08s "28/04/17"
@ TIME             %08s "10.56.43"
* NAME               KEYWORD                             S                  L              ANGLE                  X                  Y                  Z              THETA                PHI                PSI         GLOBALTILT    SLOT_ID ASSEMBLY_ID           MECH_SEP              V_POS 
$ %s                 %s                                %le                %le                %le                %le                %le                %le                %le                %le                %le                %le         %d         %d                %le                %le 
 "E_AE$START"        "MARKER"                             0                  0                  0                  0                  0                  0                  0                  0                  0                  0          0          0                  0                  0
 "SPTA2001"          "SBEND"                          0.623              0.623                  0                  0                  0              0.623                  0                  0                  0                  0          0          0                  0                  0
 "D1"                "DRIFT"                          1.013               0.39                  0                  0                  0              1.013                  0                  0                  0                  0          0          0                  0                  0
 "SPTA2002"          "SBEND"                         1.6295             0.6165                  0                  0                  0             1.6295                  0                  0                  0                  0          0          0                  0                  0
 "SPTA2002YR"        "YROTATION"                     1.6295                  0                  0                  0                  0             1.6295                  0                  0                  0                  0          0          0                  0                  0
 "SPTA2002"          "SBEND"                          2.246             0.6165                  0                  0                  0              2.246                  0                  0                  0                  0          0          0                  0                  0
 "D2A"               "DRIFT"                         2.4837             0.2377                  0                  0                  0             2.4837                  0                  0                  0                  0          0          0                  0                  0
 "FL2TR001"          "MARKER"                        2.4837                  0                  0                  0                  0             2.4837                  0                  0                  0                  0          0          0                  0                  0
 "D2B"               "DRIFT"                         2.7214             0.2377                  0                  0                  0             2.7214                  0                  0                  0                  0          0          0                  0                  0
 "QUATR001"          "QUADRUPOLE"                    2.8214                0.1                  0                  0                  0             2.8214                  0                  0                  0                  0          0          0                  0                  0
 "QUATR001"          "QUADRUPOLE"                    2.9214                0.1                  0                  0                  0             2.9214                  0                  0                  0                  0          0          0                  0                  0
 "D3"                "DRIFT"                         3.1984              0.277                  0                  0                  0             3.1984                  0                  0                  0                  0          0          0                  0                  0
 "DVRTR001A"         "SBEND"                         3.3734              0.175                  0                  0                  0             3.3734                  0                  0                  0                  0          0          0                  0                  0
 "ROLL1"             "SROTATION"                     3.3734                  0                  0                  0                  0             3.3734                  0                  0                  0        1.570796327          0          0                  0                  0
 "DVRTR001YR"        "YROTATION"                     3.3734                  0                  0                  0                  0             3.3734                  0                  0                  0                  0          0          0                  0                  0
 "ROLL2"             "SROTATION"                     3.3734                  0                  0                  0                  0             3.3734                  0                  0                  0       -1.570796327          0          0                  0                  0
 "DVRTR001B"         "SBEND"                         3.5484              0.175                  0                  0                  0             3.5484                  0                  0                  0                  0          0          0                  0                  0
 "D4A"               "DRIFT"                         3.7794              0.231                  0                  0                  0             3.7794                  0                  0                  0                  0          0          0                  0                  0
 "CHVTR001"          "KICKER"                        3.7794                  0                  0                  0                  0             3.7794                  0                  0                  0                  0          0          0                  0                  0
 "BPSTR001"          "MARKER"                        3.7794                  0                  0                  0                  0             3.7794                  0                  0                  0                  0          0          0                  0                  0
 "D4B"               "DRIFT"                         4.0974              0.318                  0                  0                  0             4.0974                  0                  0                  0                  0          0          0                  0                  0
 "QUATR002"          "QUADRUPOLE"                    4.1974                0.1                  0                  0                  0             4.1974                  0                  0                  0                  0          0          0                  0                  0
 "QUATR002"          "QUADRUPOLE"                    4.2974                0.1                  0                  0                  0             4.2974                  0                  0                  0                  0          0          0                  0                  0
 "D5A"               "DRIFT"                         4.5689             0.2715                  0                  0                  0             4.5689                  0                  0                  0                  0          0          0                  0                  0
 "SIPTR001"          "MARKER"                        4.5689                  0                  0                  0                  0             4.5689                  0                  0                  0                  0          0          0                  0                  0
 "D5B"               "DRIFT"                         4.8404             0.2715                  0                  0                  0             4.8404                  0                  0                  0                  0          0          0                  0                  0
 "QUATR003"          "QUADRUPOLE"                    4.9404                0.1                  0                  0                  0             4.9404                  0                  0                  0                  0          0          0                  0                  0
 "QUATR003"          "QUADRUPOLE"                    5.0404                0.1                  0                  0                  0             5.0404                  0                  0                  0                  0          0          0                  0                  0
 "D6A"               "DRIFT"                         5.2964              0.256                  0                  0                  0             5.2964                  0                  0                  0                  0          0          0                  0                  0
 "CHVTR002"          "KICKER"                        5.2964                  0                  0                  0                  0             5.2964                  0                  0                  0                  0          0          0                  0                  0
 "D6B"               "DRIFT"                         5.5904              0.294                  0                  0                  0             5.5904                  0                  0                  0                  0          0          0                  0                  0
 "QUATR004"          "QUADRUPOLE"                    5.6904                0.1                  0                  0                  0             5.6904                  0                  0                  0                  0          0          0                  0                  0
 "QUATR004"          "QUADRUPOLE"                    5.7904                0.1                  0                  0                  0             5.7904                  0                  0                  0                  0          0          0                  0                  0
 "D7"                "DRIFT"                         6.3404               0.55                  0                  0                  0             6.3404                  0                  0                  0                  0          0          0                  0                  0
 "DVRTR002A"         "SBEND"                         6.5154              0.175                 -0                  0                  0             6.5154                  0                  0                  0                  0          0          0                  0                  0
 "ROLL1"             "SROTATION"                     6.5154                  0                  0                  0                  0             6.5154                  0                  0                  0        1.570796327          0          0                  0                  0
 "DVRTR002YR"        "YROTATION"                     6.5154                  0                  0                  0                  0             6.5154                  0                  0                  0                  0          0          0                  0                  0
 "ROLL2"             "SROTATION"                     6.5154                  0                  0                  0                  0             6.5154                  0                  0                  0       -1.570796327          0          0                  0                  0
 "DVRTR002B"         "SBEND"                         6.6904              0.175                 -0                  0                  0             6.6904                  0                  0                  0                  0          0          0                  0                  0
 "D8A"               "DRIFT"                         7.4519             0.7615                  0                  0                  0             7.4519                  0                  0                  0                  0          0          0                  0                  0
 "FL2TR002"          "MARKER"                        7.4519                  0                  0                  0                  0             7.4519                  0                  0                  0                  0          0          0                  0                  0
 "D8B"               "DRIFT"                         7.9574             0.5055                  0                  0                  0             7.9574                  0                  0                  0                  0          0          0                  0                  0
 "CHVTR003"          "KICKER"                        7.9574                  0                  0                  0                  0             7.9574                  0                  0                  0                  0          0          0                  0                  0
 "D8C"               "DRIFT"                         8.2134              0.256                  0                  0                  0             8.2134                  0                  0                  0                  0          0          0                  0                  0
 "QUATR005"          "QUADRUPOLE"                    8.3134                0.1                  0                  0                  0             8.3134                  0                  0                  0                  0          0          0                  0                  0
 "QUATR005"          "QUADRUPOLE"                    8.4134                0.1                  0                  0                  0             8.4134                  0                  0                  0                  0          0          0                  0                  0
 "D9A"               "DRIFT"                         8.8949             0.4815                  0                  0                  0             8.8949                  0                  0                  0                  0          0          0                  0                  0
 "WCMTR001"          "MARKER"                        8.8949                  0                  0                  0                  0             8.8949                  0                  0                  0                  0          0          0                  0                  0
 "D9B"               "DRIFT"                         9.3764             0.4815                  0                  0                  0             9.3764                  0                  0                  0                  0          0          0                  0                  0
 "BPSTR002"          "MARKER"                        9.3764                  0                  0                  0                  0             9.3764                  0                  0                  0                  0          0          0                  0                  0
 "DHYTT001A"         "SBEND"                         9.8764                0.5                 -0                  0                  0             9.8764                  0                  0                  0                  0          0          0                  0                  0
 "DHYTT001B"         "SBEND"                        10.3764                0.5                 -0                  0                  0            10.3764                  0                  0                  0                  0          0          0                  0                  0
 "BPSTT001"          "MARKER"                       10.3764                  0                  0                  0                  0            10.3764                  0                  0                  0                  0          0          0                  0                  0
 "VALTT001"          "MARKER"                       10.3764                  0                  0                  0                  0            10.3764                  0                  0                  0                  0          0          0                  0                  0
 "D10"               "DRIFT"                        12.1484              1.772                  0                  0                  0            12.1484                  0                  0                  0                  0          0          0                  0                  0
 "QUATT001"          "QUADRUPOLE"                   12.2984               0.15                  0                  0                  0            12.2984                  0                  0                  0                  0          0          0                  0                  0
 "QUATT001"          "QUADRUPOLE"                   12.4484               0.15                  0                  0                  0            12.4484                  0                  0                  0                  0          0          0                  0                  0
 "D11A"              "DRIFT"                        14.1624              1.714                  0                  0                  0            14.1624                  0                  0                  0                  0          0          0                  0                  0
 "CHVTT001"          "KICKER"                       14.1624                  0                  0                  0                  0            14.1624                  0                  0                  0                  0          0          0                  0                  0
 "D11B"              "DRIFT"                        14.4184              0.256                  0                  0                  0            14.4184                  0                  0                  0                  0          0          0                  0                  0
 "QUATT002"          "QUADRUPOLE"                   14.5684               0.15                  0                  0                  0            14.5684                  0                  0                  0                  0          0          0                  0                  0
 "QUATT002"          "QUADRUPOLE"                   14.7184               0.15                  0                  0                  0            14.7184                  0                  0                  0                  0          0          0                  0                  0
 "D12A"              "DRIFT"                        15.5684               0.85                  0                  0                  0            15.5684                  0                  0                  0                  0          0          0                  0                  0
 "SIPTT001"          "MARKER"                       15.5684                  0                  0                  0                  0            15.5684                  0                  0                  0                  0          0          0                  0                  0
 "BPSTT002"          "MARKER"                       15.5684                  0                  0                  0                  0            15.5684                  0                  0                  0                  0          0          0                  0                  0
 "D12B"              "DRIFT"                        16.1624              0.594                  0                  0                  0            16.1624                  0                  0                  0                  0          0          0                  0                  0
 "CHVTT002"          "KICKER"                       16.1624                  0                  0                  0                  0            16.1624                  0                  0                  0                  0          0          0                  0                  0
 "D12C"              "DRIFT"                        16.4184              0.256                  0                  0                  0            16.4184                  0                  0                  0                  0          0          0                  0                  0
 "QUATT003"          "QUADRUPOLE"                   16.5684               0.15                  0                  0                  0            16.5684                  0                  0                  0                  0          0          0                  0                  0
 "QUATT003"          "QUADRUPOLE"                   16.7184               0.15                  0                  0                  0            16.7184                  0                  0                  0                  0          0          0                  0                  0
 "D13A"              "DRIFT"                        18.1624              1.444                  0                  0                  0            18.1624                  0                  0                  0                  0          0          0                  0                  0
 "CHVTT003"          "KICKER"                       18.1624                  0                  0                  0                  0            18.1624                  0                  0                  0                  0          0          0                  0                  0
 "D13B"              "DRIFT"                        18.4184              0.256                  0                  0                  0            18.4184                  0                  0                  0                  0          0          0                  0                  0
 "QUATT004"          "QUADRUPOLE"                   18.5684               0.15                  0                  0                  0            18.5684                  0                  0                  0                  0          0          0                  0                  0
 "QUATT004"          "QUADRUPOLE"                   18.7184               0.15                  0                  0                  0            18.7184                  0                  0                  0                  0          0          0                  0                  0
 "WCMTT001"          "MARKER"                       18.7184                  0                  0                  0                  0            18.7184                  0                  0                  0                  0          0          0                  0                  0
 "SLTTT001"          "MARKER"                       18.7184                  0                  0                  0                  0            18.7184                  0                  0                  0                  0          0          0                  0                  0
 "D14A"              "DRIFT"                        20.5074              1.789                  0                  0                  0            20.5074                  0                  0                  0                  0          0          0                  0                  0
 "CHVTT004"          "KICKER"                       20.5074                  0                  0                  0                  0            20.5074                  0                  0                  0                  0          0          0                  0                  0
 "D14B"              "DRIFT"                        20.7634              0.256                  0                  0                  0            20.7634                  0                  0                  0                  0          0          0                  0                  0
 "QUATT005"          "QUADRUPOLE"                   20.9134               0.15                  0                  0                  0            20.9134                  0                  0                  0                  0          0          0                  0                  0
 "QUATT005"          "QUADRUPOLE"                   21.0634               0.15                  0                  0                  0            21.0634                  0                  0                  0                  0          0          0                  0                  0
 "D15A"              "DRIFT"                        21.8884              0.825                  0                  0                  0            21.8884                  0                  0                  0                  0          0          0                  0                  0
 "SIPTT002"          "MARKER"                       21.8884                  0                  0                  0                  0            21.8884                  0                  0                  0                  0          0          0                  0                  0
 "D15B"              "DRIFT"                        22.7134              0.825                  0                  0                  0            22.7134                  0                  0                  0                  0          0          0                  0                  0
 "FL2TT001"          "MARKER"                       22.7134                  0                  0                  0                  0            22.7134                  0                  0                  0                  0          0          0                  0                  0
 "BPSTT003"          "MARKER"                       22.7134                  0                  0                  0                  0            22.7134                  0                  0                  0                  0          0          0                  0                  0
 "DHPTT001"          "SBEND"                        23.2699             0.5565                  0                  0                  0            23.2699                  0                  0                  0                  0          0          0                  0                  0
 "DHPTT001YR"        "YROTATION"                    23.2699                  0                  0                  0                  0            23.2699                  0                  0                  0                  0          0          0                  0                  0
 "DHPTT001"          "SBEND"                        23.8264             0.5565                  0                  0                  0            23.8264                  0                  0                  0                  0          0          0                  0                  0
 "D16A"              "DRIFT"                        28.0154              4.189                  0                  0                  0            28.0154                  0                  0                  0                  0          0          0                  0                  0
 "CHVTT005"          "KICKER"                       28.0154                  0                  0                  0                  0            28.0154                  0                  0                  0                  0          0          0                  0                  0
 "D16B"              "DRIFT"                        28.2959             0.2805                  0                  0                  0            28.2959                  0                  0                  0                  0          0          0                  0                  0
 "BPSTT004"          "MARKER"                       28.2959                  0                  0                  0                  0            28.2959                  0                  0                  0                  0          0          0                  0                  0
 "D16C"              "DRIFT"                        28.5764             0.2805                  0                  0                  0            28.5764                  0                  0                  0                  0          0          0                  0                  0
 "QUATT006"          "QUADRUPOLE"                   28.6764                0.1                  0                  0                  0            28.6764                  0                  0                  0                  0          0          0                  0                  0
 "QUATT006"          "QUADRUPOLE"                   28.7764                0.1                  0                  0                  0            28.7764                  0                  0                  0                  0          0          0                  0                  0
 "FL2TT002"          "MARKER"                       28.7764                  0                  0                  0                  0            28.7764                  0                  0                  0                  0          0          0                  0                  0
 "D17"               "DRIFT"                        33.1254              4.349                  0                  0                  0            33.1254                  0                  0                  0                  0          0          0                  0                  0
 "DHPTT002"          "SBEND"                        33.6819             0.5565                 -0                  0                  0            33.6819                  0                  0                  0                  0          0          0                  0                  0
 "DHPTT002YR"        "YROTATION"                    33.6819                  0                  0                  0                  0            33.6819                  0                  0                  0                  0          0          0                  0                  0
 "DHPTT002"          "SBEND"                        34.2384             0.5565                 -0                  0                  0            34.2384                  0                  0                  0                  0          0          0                  0                  0
 "D18A"              "DRIFT"                        34.4854              0.247                  0                  0                  0            34.4854                  0                  0                  0                  0          0          0                  0                  0
 "CHVTT006"          "KICKER"                       34.4854                  0                  0                  0                  0            34.4854                  0                  0                  0                  0          0          0                  0                  0
 "BPSTT005"          "MARKER"                       34.4854                  0                  0                  0                  0            34.4854                  0                  0                  0                  0          0          0                  0                  0
 "D18B"              "DRIFT"                        35.3194              0.834                  0                  0                  0            35.3194                  0                  0                  0                  0          0          0                  0                  0
 "FL1TT001"          "MARKER"                       35.3194                  0                  0                  0                  0            35.3194                  0                  0                  0                  0          0          0                  0                  0
 "DHRTT001A"         "SBEND"                        35.6979             0.3785                  0                  0                  0            35.6979                  0                  0                  0                  0          0          0                  0                  0
 "DHRTT001B"         "SBEND"                        36.0764             0.3785                  0                  0                  0            36.0764                  0                  0                  0                  0          0          0                  0                  0
 "D19"               "DRIFT"                        36.5004              0.424                  0                  0                  0            36.5004                  0                  0                  0                  0          0          0                  0                  0
 "QUATT007"          "QUADRUPOLE"                   36.6004                0.1                  0                  0                  0            36.6004                  0                  0                  0                  0          0          0                  0                  0
 "QUATT007"          "QUADRUPOLE"                   36.7004                0.1                  0                  0                  0            36.7004                  0                  0                  0                  0          0          0                  0                  0
 "D20"               "DRIFT"                        37.1574              0.457                  0                  0                  0            37.1574                  0                  0                  0                  0          0          0                  0                  0
 "DHSTT001"          "SBEND"                        38.2704              1.113                 -0                  0                  0            38.2704                  0                  0                  0                  0          0          0                  0                  0
 "DHSTT001K"         "KICKER"                       38.2704                  0                  0                  0                  0            38.2704                  0                  0                  0                  0          0          0                  0                  0
 "KER5"              "KICKER"                       38.2704                  0                  0                  0                  0            38.2704                  0                  0                  0                  0          0          0                  0                  0
 "FL1TT002"          "MARKER"                       38.2704                  0                  0                  0                  0            38.2704                  0                  0                  0                  0          0          0                  0                  0
 "D21A"              "DRIFT"                        40.5144              2.244                  0                  0                  0            40.5144                  0                  0                  0                  0          0          0                  0                  0
 "CHVTT007"          "KICKER"                       40.5144                  0                  0                  0                  0            40.5144                  0                  0                  0                  0          0          0                  0                  0
 "D21B"              "DRIFT"                        40.7704              0.256                  0                  0                  0            40.7704                  0                  0                  0                  0          0          0                  0                  0
 "QUATT008"          "QUADRUPOLE"                   40.8704                0.1                  0                  0                  0            40.8704                  0                  0                  0                  0          0          0                  0                  0
 "QUATT008"          "QUADRUPOLE"                   40.9704                0.1                  0                  0                  0            40.9704                  0                  0                  0                  0          0          0                  0                  0
 "BPSTT006"          "MARKER"                       40.9704                  0                  0                  0                  0            40.9704                  0                  0                  0                  0          0          0                  0                  0
 "D22"               "DRIFT"                        43.3574              2.387                  0                  0                  0            43.3574                  0                  0                  0                  0          0          0                  0                  0
 "DVRTT001A"         "SBEND"                        43.5324              0.175                  0                  0                  0            43.5324                  0                  0                  0                  0          0          0                  0                  0
 "ROLL1"             "SROTATION"                    43.5324                  0                  0                  0                  0            43.5324                  0                  0                  0        1.570796327          0          0                  0                  0
 "DVRTT001YR"        "YROTATION"                    43.5324                  0                  0                  0                  0            43.5324                  0                  0                  0                  0          0          0                  0                  0
 "ROLL2"             "SROTATION"                    43.5324                  0                  0                  0                  0            43.5324                  0                  0                  0       -1.570796327          0          0                  0                  0
 "DVRTT001B"         "SBEND"                        43.7074              0.175                  0                  0                  0            43.7074                  0                  0                  0                  0          0          0                  0                  0
 "KER1"              "KICKER"                       43.7074                  0                  0                  0                  0            43.7074                  0                  0                  0                  0          0          0                  0                  0
 "D23A"              "DRIFT"                        44.3584              0.651                  0                  0                  0            44.3584                  0                  0                  0                  0          0          0                  0                  0
 "D23B"              "DRIFT"                        44.6144              0.256                  0                  0                  0            44.6144                  0                  0                  0                  0          0          0                  0                  0
 "QUATT009"          "QUADRUPOLE"                   44.7144                0.1                  0                  0                  0            44.7144                  0                  0                  0                  0          0          0                  0                  0
 "QUATT009"          "QUADRUPOLE"                   44.8144                0.1                  0                  0                  0            44.8144                  0                  0                  0                  0          0          0                  0                  0
 "BPSTT007"          "MARKER"                       44.8144                  0                  0                  0                  0            44.8144                  0                  0                  0                  0          0          0                  0                  0
 "DVRTT002A"         "SBEND"                        44.9894              0.175                 -0                  0                  0            44.9894                  0                  0                  0                  0          0          0                  0                  0
 "ROLL1"             "SROTATION"                    44.9894                  0                  0                  0                  0            44.9894                  0                  0                  0        1.570796327          0          0                  0                  0
 "DVRTT002YR"        "YROTATION"                    44.9894                  0                  0                  0                  0            44.9894                  0                  0                  0                  0          0          0                  0                  0
 "ROLL2"             "SROTATION"                    44.9894                  0                  0                  0                  0            44.9894                  0                  0                  0       -1.570796327          0          0                  0                  0
 "DVRTT001B"         "SBEND"                        45.1644              0.175                  0                  0                  0            45.1644                  0                  0                  0                  0          0          0                  0                  0
 "KER2"              "KICKER"                       45.1644                  0                  0                  0                  0            45.1644                  0                  0                  0                  0          0          0                  0                  0
 "D25A"              "DRIFT"                        46.5824              1.418                  0                  0                  0            46.5824                  0                  0                  0                  0          0          0                  0                  0
 "CHVTT009"          "KICKER"                       46.5824                  0                  0                  0                  0            46.5824                  0                  0                  0                  0          0          0                  0                  0
 "D25B"              "DRIFT"                        46.8769             0.2945                  0                  0                  0            46.8769                  0                  0                  0                  0          0          0                  0                  0
 "BPSTT008"          "MARKER"                       46.8769                  0                  0                  0                  0            46.8769                  0                  0                  0                  0          0          0                  0                  0
 "D25C"              "DRIFT"                        47.1714             0.2945                  0                  0                  0            47.1714                  0                  0                  0                  0          0          0                  0                  0
 "QUATT010"          "QUADRUPOLE"                   47.2714                0.1                  0                  0                  0            47.2714                  0                  0                  0                  0          0          0                  0                  0
 "QUATT010"          "QUADRUPOLE"                   47.3714                0.1                  0                  0                  0            47.3714                  0                  0                  0                  0          0          0                  0                  0
 "FL1TT003"          "MARKER"                       47.3714                  0                  0                  0                  0            47.3714                  0                  0                  0                  0          0          0                  0                  0
 "D26A"              "DRIFT"                        49.3114               1.94                  0                  0                  0            49.3114                  0                  0                  0                  0          0          0                  0                  0
 "CHVTT010"          "KICKER"                       49.3114                  0                  0                  0                  0            49.3114                  0                  0                  0                  0          0          0                  0                  0
 "D26B"              "DRIFT"                        49.6174              0.306                  0                  0                  0            49.6174                  0                  0                  0                  0          0          0                  0                  0
 "QUATT011"          "QUADRUPOLE"                   49.7174                0.1                  0                  0                  0            49.7174                  0                  0                  0                  0          0          0                  0                  0
 "QUATT011"          "QUADRUPOLE"                   49.8174                0.1                  0                  0                  0            49.8174                  0                  0                  0                  0          0          0                  0                  0
 "D26C"              "DRIFT"                        51.3674               1.55                  0                  0                  0            51.3674                  0                  0                  0                  0          0          0                  0                  0
 "DHRTP001"          "SBEND"                        51.7674                0.4                  0                  0                  0            51.7674                  0                  0                  0                  0          0          0                  0                  0
 "D51A"              "DRIFT"                        52.3174               0.55                  0                  0                  0            52.3174                  0                  0                  0                  0          0          0                  0                  0
 "BPSTE001"          "MARKER"                       52.3174                  0                  0                  0                  0            52.3174                  0                  0                  0                  0          0          0                  0                  0
 "D51B"              "DRIFT"                        52.5574               0.24                  0                  0                  0            52.5574                  0                  0                  0                  0          0          0                  0                  0
 "VALTE001"          "MARKER"                       52.5574                  0                  0                  0                  0            52.5574                  0                  0                  0                  0          0          0                  0                  0
 "SIPTE001"          "MARKER"                       52.5574                  0                  0                  0                  0            52.5574                  0                  0                  0                  0          0          0                  0                  0
 "D51C"              "DRIFT"                        55.4874               2.93                  0                  0                  0            55.4874                  0                  0                  0                  0          0          0                  0                  0
 "KER3"              "KICKER"                       55.4874                  0                  0                  0                  0            55.4874                  0                  0                  0                  0          0          0                  0                  0
 "DVRTE001"          "SBEND"                        55.8374               0.35                  0                  0                  0            55.8374                  0                  0                  0                  0          0          0                  0                  0
 "DVRTE001K"         "KICKER"                       55.8374                  0                  0                  0                  0            55.8374                  0                  0                  0                  0          0          0                  0                  0
 "D52A"              "DRIFT"                        57.1474               1.31                  0                  0                  0            57.1474                  0                  0                  0                  0          0          0                  0                  0
 "CHVTE001"          "KICKER"                       57.1474                  0                  0                  0                  0            57.1474                  0                  0                  0                  0          0          0                  0                  0
 "D52B"              "DRIFT"                        57.4574               0.31                  0                  0                  0            57.4574                  0                  0                  0                  0          0          0                  0                  0
 "QUATE001"          "QUADRUPOLE"                   57.5574                0.1                  0                  0                  0            57.5574                  0                  0                  0                  0          0          0                  0                  0
 "QUATE001"          "QUADRUPOLE"                   57.6574                0.1                  0                  0                  0            57.6574                  0                  0                  0                  0          0          0                  0                  0
 "D53A"              "DRIFT"                        58.7574                1.1                  0                  0                  0            58.7574                  0                  0                  0                  0          0          0                  0                  0
 "BPSTE012"          "MARKER"                       58.7574                  0                  0                  0                  0            58.7574                  0                  0                  0                  0          0          0                  0                  0
 "D53B"              "DRIFT"                        59.2674               0.51                  0                  0                  0            59.2674                  0                  0                  0                  0          0          0                  0                  0
 "DVRTE002"          "SBEND"                        59.6174               0.35                 -0                  0                  0            59.6174                  0                  0                  0                  0          0          0                  0                  0
 "DVRTE002K"         "KICKER"                       59.6174                  0                  0                  0                  0            59.6174                  0                  0                  0                  0          0          0                  0                  0
 "KER4"              "KICKER"                       59.6174                  0                  0                  0                  0            59.6174                  0                  0                  0                  0          0          0                  0                  0
 "D54"               "DRIFT"                        61.5174                1.9                  0                  0                  0            61.5174                  0                  0                  0                  0          0          0                  0                  0
 "QUATE002"          "QUADRUPOLE"                   61.6174                0.1                  0                  0                  0            61.6174                  0                  0                  0                  0          0          0                  0                  0
