/*
time: 2017/02/21 12:26:05
zone: TLe
mask: FFFF 0000 0000 0000
type: direct
averages: 0
*/
16
3.779000	9.376000	10.376000	15.568000	22.713000	28.576000	34.485000	40.976000	44.814000	52.176000	59.913000	64.127000	70.589000	87.968000	92.348000	94.842000
3.582930	-8.015110	1.884430	11.467386	-8.397021	0.311559	-7.819129	2.407046	-0.964828	-7.391992	-8.065362	-0.592967	1.381916	3.432176	-19.376969	3.638207
1.729495	2.726322	2.447211	1.385590	-4.555500	0.383778	-0.927049	-3.563657	1.724511	-3.234704	4.635246	-5.612137	2.935656	3.598546	-7.979601	-3.204799
0.000000	0.000000	0.000000	0.000000	0.000000	0.000000	0.000000	0.000000	0.000000	0.000000	0.000000	0.000000	0.000000	0.000000	0.000000	0.000000
0.000000	0.000000	0.000000	0.000000	0.000000	0.000000	0.000000	0.000000	0.000000	0.000000	0.000000	0.000000	0.000000	0.000000	0.000000	0.000000
