@ NAME             %06s "SURVEY"
@ TYPE             %06s "SURVEY"
@ TITLE            %03s "TLe"
@ ORIGIN           %16s "5.03.04 Linux 64"
@ DATE             %08s "05/06/17"
@ TIME             %08s "10.49.27"
* NAME               KEYWORD                             S                  L              ANGLE                  X                  Y                  Z              THETA                PHI                PSI         GLOBALTILT    SLOT_ID ASSEMBLY_ID           MECH_SEP              V_POS 
$ %s                 %s                                %le                %le                %le                %le                %le                %le                %le                %le                %le                %le         %d         %d                %le                %le 
 "E_AE$START"        "MARKER"                             0                  0                  0                  0                  0                  0                  0                  0                  0                  0          0          0                  0                  0
 "SPTA2001"          "SBEND"                          0.623              0.623      0.03690907063     -0.01149587036                  0       0.6228585596     -0.03690907063                  0                  0                  0          0          0                  0                  0
 "D1"                "DRIFT"                          1.013               0.39                  0      -0.0258871399                  0        1.012592945     -0.03690907063                  0                  0                  0          0          0                  0                  0
 "SPTA2002"          "SBEND"                         1.6295             0.6165       0.2999955523      -0.1400163843                  0        1.616086811       -0.336904623                  0                  0                  0          0          0                  0                  0
 "SPTA2002K"         "KICKER"                        1.6295                  0                  0      -0.1400163843                  0        1.616086811       -0.336904623                  0                  0                  0          0          0                  0                  0
 "SPTA2002"          "SBEND"                          2.246             0.6165       0.2999955523      -0.4273904336                  0        2.158900302      -0.6369001753                  0                  0                  0          0          0                  0                  0
 "D2A"               "DRIFT"                         2.4837             0.2377                  0       -0.568752102                  0        2.349997577      -0.6369001753                  0                  0                  0          0          0                  0                  0
 "FL2TR001"          "MARKER"                        2.4837                  0                  0       -0.568752102                  0        2.349997577      -0.6369001753                  0                  0                  0          0          0                  0                  0
 "D2B"               "DRIFT"                         2.7214             0.2377                  0      -0.7101137705                  0        2.541094852      -0.6369001753                  0                  0                  0          0          0                  0                  0
 "QUATR001"          "QUADRUPOLE"                    2.8214                0.1                  0      -0.7695843925                  0        2.621489163      -0.6369001753                  0                  0                  0          0          0                  0                  0
 "QUATR001"          "QUADRUPOLE"                    2.9214                0.1                  0      -0.8290550145                  0        2.701883473      -0.6369001753                  0                  0                  0          0          0                  0                  0
 "D3"                "DRIFT"                         3.1984              0.277                  0      -0.9937886374                  0        2.924575712      -0.6369001753                  0                  0                  0          0          0                  0                  0
 "DVRTR001A"         "SBEND"                         3.3734              0.175      0.09613497556       -1.097701993    -0.008405333908        3.065049147      -0.6369001753     -0.09613497556   -2.840463138e-19        1.570796327          0          0                  0                  0
 "ROLL1"             "SROTATION"                     3.3734                  0                  0       -1.097701993    -0.008405333908        3.065049147      -0.6369001753     -0.09613497556        1.570796327        1.570796327          0          0                  0                  0
 "DVRTR001YR"        "YROTATION"                     3.3734                  0                  0       -1.097701993    -0.008405333908        3.065049147      -0.6369001753     -0.09569379224        1.666931302        1.570796327          0          0                  0                  0
 "ROLL2"             "SROTATION"                     3.3734                  0                  0       -1.097701993    -0.008405333908        3.065049147      -0.6369001753     -0.09569379224      0.09613497556      0.09613497556          0          0                  0                  0
 "DVRTR001B"         "SBEND"                         3.5484              0.175      0.09613497556       -1.200655728      -0.0335437139        3.204225336      -0.6369001753      -0.1913793603      0.09747898959        1.666931302          0          0                  0                  0
 "D4A"               "DRIFT"                         3.7794              0.231                  0       -1.335501417     -0.07768492828        3.386514099      -0.6369001753      -0.1913793603      0.09747898959      0.09747898959          0          0                  0                  0
 "CHVTR001"          "KICKER"                        3.7794                  0                  0       -1.335501417     -0.07768492828        3.386514099      -0.6369001753      -0.1913793603      0.09747898959      0.09747898959          0          0                  0                  0
 "BPSTR001"          "MARKER"                        3.7794                  0                  0       -1.335501417     -0.07768492828        3.386514099      -0.6369001753      -0.1913793603      0.09747898959      0.09747898959          0          0                  0                  0
 "D4B"               "DRIFT"                         4.0974              0.318                  0       -1.521133145      -0.1384507559        3.637457073      -0.6369001753      -0.1913793603      0.09747898959      0.09747898959          0          0                  0                  0
 "QUATR002"          "QUADRUPOLE"                    4.1974                0.1                  0       -1.579507902      -0.1575595067        3.716369957      -0.6369001753      -0.1913793603      0.09747898959      0.09747898959          0          0                  0                  0
 "QUATR002"          "QUADRUPOLE"                    4.2974                0.1                  0       -1.637882659      -0.1766682575        3.795282842      -0.6369001753      -0.1913793603      0.09747898959      0.09747898959          0          0                  0                  0
 "D5A"               "DRIFT"                         4.5689             0.2715                  0       -1.796370124      -0.2285485159        4.009531324      -0.6369001753      -0.1913793603      0.09747898959      0.09747898959          0          0                  0                  0
 "SIPTR001"          "MARKER"                        4.5689                  0                  0       -1.796370124      -0.2285485159        4.009531324      -0.6369001753      -0.1913793603      0.09747898959      0.09747898959          0          0                  0                  0
 "D5B"               "DRIFT"                         4.8404             0.2715                  0        -1.95485759      -0.2804287744        4.223779806      -0.6369001753      -0.1913793603      0.09747898959      0.09747898959          0          0                  0                  0
 "QUATR003"          "QUADRUPOLE"                    4.9404                0.1                  0       -2.013232347      -0.2995375252        4.302692691      -0.6369001753      -0.1913793603      0.09747898959      0.09747898959          0          0                  0                  0
 "QUATR003"          "QUADRUPOLE"                    5.0404                0.1                  0       -2.071607104       -0.318646276        4.381605575      -0.6369001753      -0.1913793603      0.09747898959      0.09747898959          0          0                  0                  0
 "D6A"               "DRIFT"                         5.2964              0.256                  0       -2.221046483      -0.3675646781         4.58362256      -0.6369001753      -0.1913793603      0.09747898959      0.09747898959          0          0                  0                  0
 "CHVTR002"          "KICKER"                        5.2964                  0                  0       -2.221046483      -0.3675646781         4.58362256      -0.6369001753      -0.1913793603      0.09747898959      0.09747898959          0          0                  0                  0
 "D6B"               "DRIFT"                         5.5904              0.294                  0       -2.392668269      -0.4237444055        4.815626441      -0.6369001753      -0.1913793603      0.09747898959      0.09747898959          0          0                  0                  0
 "QUATR004"          "QUADRUPOLE"                    5.6904                0.1                  0       -2.451043026      -0.4428531563        4.894539326      -0.6369001753      -0.1913793603      0.09747898959      0.09747898959          0          0                  0                  0
 "QUATR004"          "QUADRUPOLE"                    5.7904                0.1                  0       -2.509417783      -0.4619619071        4.973452211      -0.6369001753      -0.1913793603      0.09747898959      0.09747898959          0          0                  0                  0
 "D7"                "DRIFT"                         6.3404               0.55                  0       -2.830478947      -0.5670600366        5.407473077      -0.6369001753      -0.1913793603      0.09747898959      0.09747898959          0          0                  0                  0
 "DVRTR002A"         "SBEND"                         6.5154              0.175     -0.09684599346       -2.933437402       -0.592136727        5.546655645      -0.6369001753     -0.09498605717       0.0961284492        1.668275316          0          0                  0                  0
 "ROLL1"             "SROTATION"                     6.5154                  0                  0       -2.933437402       -0.592136727        5.546655645      -0.6369001753     -0.09498605717        1.666924776        1.666924776          0          0                  0                  0
 "DVRTR002YR"        "YROTATION"                     6.5154                  0                  0       -2.933437402       -0.592136727        5.546655645      -0.6369001753      -0.0949924475        1.666220284        1.666924776          0          0                  0                  0
 "ROLL2"             "SROTATION"                     6.5154                  0                  0       -2.933437402       -0.592136727        5.546655645      -0.6369001753      -0.0949924475      0.09542395766      0.09542395766          0          0                  0                  0
 "DVRTR002B"         "SBEND"                         6.6904              0.175     -0.09684599346       -3.037355435      -0.6003556543        5.687135404      -0.6369001753     0.001415624702      0.09499254297        1.666220284          0          0                  0                  0
 "D8A"               "DRIFT"                         7.4519             0.7615                  0       -3.490223764      -0.5992727744        6.299337457      -0.6369001753     0.001415624702      0.09499254297      0.09499254297          0          0                  0                  0
 "FL2TR002"          "MARKER"                        7.4519                  0                  0       -3.490223764      -0.5992727744        6.299337457      -0.6369001753     0.001415624702      0.09499254297      0.09499254297          0          0                  0                  0
 "D8B"               "DRIFT"                         7.9574             0.5055                  0       -3.790847454      -0.5985539355        6.705730285      -0.6369001753     0.001415624702      0.09499254297      0.09499254297          0          0                  0                  0
 "CHVTR003"          "KICKER"                        7.9574                  0                  0       -3.790847454      -0.5985539355        6.705730285      -0.6369001753     0.001415624702      0.09499254297      0.09499254297          0          0                  0                  0
 "D8C"               "DRIFT"                         8.2134              0.256                  0       -3.943092092      -0.5981898945        6.911539511      -0.6369001753     0.001415624702      0.09499254297      0.09499254297          0          0                  0                  0
 "QUATR005"          "QUADRUPOLE"                    8.3134                0.1                  0       -4.002562654       -0.598047691         6.99193374      -0.6369001753     0.001415624702      0.09499254297      0.09499254297          0          0                  0                  0
 "QUATR005"          "QUADRUPOLE"                    8.4134                0.1                  0       -4.062033216      -0.5979054874        7.072327969      -0.6369001753     0.001415624702      0.09499254297      0.09499254297          0          0                  0                  0
 "D9A"               "DRIFT"                         8.8949             0.4815                  0       -4.348383971      -0.5972207774        7.459426181      -0.6369001753     0.001415624702      0.09499254297      0.09499254297          0          0                  0                  0
 "WCMTR001"          "MARKER"                        8.8949                  0                  0       -4.348383971      -0.5972207774        7.459426181      -0.6369001753     0.001415624702      0.09499254297      0.09499254297          0          0                  0                  0
 "D9B"               "DRIFT"                         9.3764             0.4815                  0       -4.634734727      -0.5965360674        7.846524394      -0.6369001753     0.001415624702      0.09499254297      0.09499254297          0          0                  0                  0
 "BPSTR002"          "MARKER"                        9.3764                  0                  0       -4.634734727      -0.5965360674        7.846524394      -0.6369001753     0.001415624702      0.09499254297      0.09499254297          0          0                  0                  0
 "DHYTT001A"         "SBEND"                         9.8764                0.5      -0.3151568803       -4.880931072      -0.5883917171        8.179340576      -0.6369001753      0.03075087921      0.08990280194      0.09499254297          0          0                  0                  0
 "DHYTT001B"         "SBEND"                        10.3764                0.5      -0.3151568803       -5.010359016      -0.5661595325        8.354305457      -0.6369001753      0.05707880866      0.07598595238      0.08990280194          0          0                  0                  0
 "BPSTT001"          "MARKER"                       10.3764                  0                  0       -5.010359016      -0.5661595325        8.354305457      -0.6369001753      0.05707880866      0.07598595238      0.07598595238          0          0                  0                  0
 "VALTT001"          "MARKER"                       10.3764                  0                  0       -5.010359016      -0.5661595325        8.354305457      -0.6369001753      0.05707880866      0.07598595238      0.07598595238          0          0                  0                  0
 "D10"               "DRIFT"                        12.1484              1.772                  0       -5.243384794       -0.464612984         8.66931724      -0.6369001753      0.05707880866      0.07598595238      0.07598595238          0          0                  0                  0
 "QUATT001"          "QUADRUPOLE"                   12.2984               0.15                  0       -5.263110453      -0.4560170572        8.695983023      -0.6369001753      0.05707880866      0.07598595238      0.07598595238          0          0                  0                  0
 "QUATT001"          "QUADRUPOLE"                   12.4484               0.15                  0       -5.282836111      -0.4474211304        8.722648807      -0.6369001753      0.05707880866      0.07598595238      0.07598595238          0          0                  0                  0
 "D11A"              "DRIFT"                        14.1624              1.714                  0       -5.508234635      -0.3491983402        9.027349821      -0.6369001753      0.05707880866      0.07598595238      0.07598595238          0          0                  0                  0
 "CHVTT001"          "KICKER"                       14.1624                  0                  0       -5.508234635      -0.3491983402        9.027349821      -0.6369001753      0.05707880866      0.07598595238      0.07598595238          0          0                  0                  0
 "D11B"              "DRIFT"                        14.4184              0.256                  0       -5.541899759      -0.3345279584        9.072859424      -0.6369001753      0.05707880866      0.07598595238      0.07598595238          0          0                  0                  0
 "QUATT002"          "QUADRUPOLE"                   14.5684               0.15                  0       -5.561625417      -0.3259320316        9.099525207      -0.6369001753      0.05707880866      0.07598595238      0.07598595238          0          0                  0                  0
 "QUATT002"          "QUADRUPOLE"                   14.7184               0.15                  0       -5.581351075      -0.3173361048         9.12619099      -0.6369001753      0.05707880866      0.07598595238      0.07598595238          0          0                  0                  0
 "D12A"              "DRIFT"                        15.5684               0.85                  0       -5.693129807       -0.268625853        9.277297094      -0.6369001753      0.05707880866      0.07598595238      0.07598595238          0          0                  0                  0
 "SIPTT001"          "MARKER"                       15.5684                  0                  0       -5.693129807       -0.268625853        9.277297094      -0.6369001753      0.05707880866      0.07598595238      0.07598595238          0          0                  0                  0
 "BPSTT002"          "MARKER"                       15.5684                  0                  0       -5.693129807       -0.268625853        9.277297094      -0.6369001753      0.05707880866      0.07598595238      0.07598595238          0          0                  0                  0
 "D12B"              "DRIFT"                        16.1624              0.594                  0       -5.771243414      -0.2345859829        9.382893595      -0.6369001753      0.05707880866      0.07598595238      0.07598595238          0          0                  0                  0
 "CHVTT002"          "KICKER"                       16.1624                  0                  0       -5.771243414      -0.2345859829        9.382893595      -0.6369001753      0.05707880866      0.07598595238      0.07598595238          0          0                  0                  0
 "D12C"              "DRIFT"                        16.4184              0.256                  0       -5.804908538      -0.2199156011        9.428403198      -0.6369001753      0.05707880866      0.07598595238      0.07598595238          0          0                  0                  0
 "QUATT003"          "QUADRUPOLE"                   16.5684               0.15                  0       -5.824634196      -0.2113196743        9.455068981      -0.6369001753      0.05707880866      0.07598595238      0.07598595238          0          0                  0                  0
 "QUATT003"          "QUADRUPOLE"                   16.7184               0.15                  0       -5.844359855      -0.2027237475        9.481734764      -0.6369001753      0.05707880866      0.07598595238      0.07598595238          0          0                  0                  0
 "D13A"              "DRIFT"                        18.1624              1.444                  0       -6.034252193      -0.1199736255        9.738437369      -0.6369001753      0.05707880866      0.07598595238      0.07598595238          0          0                  0                  0
 "CHVTT003"          "KICKER"                       18.1624                  0                  0       -6.034252193      -0.1199736255        9.738437369      -0.6369001753      0.05707880866      0.07598595238      0.07598595238          0          0                  0                  0
 "D13B"              "DRIFT"                        18.4184              0.256                  0       -6.067917317      -0.1053032438        9.783946972      -0.6369001753      0.05707880866      0.07598595238      0.07598595238          0          0                  0                  0
 "QUATT004"          "QUADRUPOLE"                   18.5684               0.15                  0       -6.087642975     -0.09670731701        9.810612755      -0.6369001753      0.05707880866      0.07598595238      0.07598595238          0          0                  0                  0
 "QUATT004"          "QUADRUPOLE"                   18.7184               0.15                  0       -6.107368634     -0.08811139021        9.837278538      -0.6369001753      0.05707880866      0.07598595238      0.07598595238          0          0                  0                  0
 "WCMTT001"          "MARKER"                       18.7184                  0                  0       -6.107368634     -0.08811139021        9.837278538      -0.6369001753      0.05707880866      0.07598595238      0.07598595238          0          0                  0                  0
 "SLTTT001"          "MARKER"                       18.7184                  0                  0       -6.107368634     -0.08811139021        9.837278538      -0.6369001753      0.05707880866      0.07598595238      0.07598595238          0          0                  0                  0
 "D14A"              "DRIFT"                        20.5074              1.789                  0       -6.342629986       0.0144093634        10.15531244      -0.6369001753      0.05707880866      0.07598595238      0.07598595238          0          0                  0                  0
 "CHVTT004"          "KICKER"                       20.5074                  0                  0       -6.342629986       0.0144093634        10.15531244      -0.6369001753      0.05707880866      0.07598595238      0.07598595238          0          0                  0                  0
 "D14B"              "DRIFT"                        20.7634              0.256                  0        -6.37629511      0.02907974514        10.20082205      -0.6369001753      0.05707880866      0.07598595238      0.07598595238          0          0                  0                  0
 "QUATT005"          "QUADRUPOLE"                   20.9134               0.15                  0       -6.396020769      0.03767567194        10.22748783      -0.6369001753      0.05707880866      0.07598595238      0.07598595238          0          0                  0                  0
 "QUATT005"          "QUADRUPOLE"                   21.0634               0.15                  0       -6.415746427      0.04627159873        10.25415361      -0.6369001753      0.05707880866      0.07598595238      0.07598595238          0          0                  0                  0
 "D15A"              "DRIFT"                        21.8884              0.825                  0       -6.524237548      0.09354919612        10.40081542      -0.6369001753      0.05707880866      0.07598595238      0.07598595238          0          0                  0                  0
 "SIPTT002"          "MARKER"                       21.8884                  0                  0       -6.524237548      0.09354919612        10.40081542      -0.6369001753      0.05707880866      0.07598595238      0.07598595238          0          0                  0                  0
 "D15B"              "DRIFT"                        22.7134              0.825                  0        -6.63272867       0.1408267935        10.54747723      -0.6369001753      0.05707880866      0.07598595238      0.07598595238          0          0                  0                  0
 "FL2TT001"          "MARKER"                       22.7134                  0                  0        -6.63272867       0.1408267935        10.54747723      -0.6369001753      0.05707880866      0.07598595238      0.07598595238          0          0                  0                  0
 "BPSTT003"          "MARKER"                       22.7134                  0                  0        -6.63272867       0.1408267935        10.54747723      -0.6369001753      0.05707880866      0.07598595238      0.07598595238          0          0                  0                  0
 "DHPTT001"          "SBEND"                        23.2699             0.5565       0.3967829609       -6.794310828        0.163591751        10.76590921      -0.6369001753      0.02332884267      0.09210258467      0.07598595238          0          0                  0                  0
 "DHPTT001YR"        "YROTATION"                    23.2699                  0                  0       -6.794310828        0.163591751        10.76590921      -0.6369001753       0.2411220983        1.322341707      0.09210258467          0          0                  0                  0
 "DHPTT001"          "SBEND"                        23.8264             0.5565       0.3967829609       -7.111396362       0.1662280561        11.19455569      -0.6369001753      -0.1440069295         1.32710139        1.322341707          0          0                  0                  0
 "D16A"              "DRIFT"                        28.0154              4.189                  0       -9.972546387       0.1072368442        15.06235084      -0.6369001753      -0.1440069295         1.32710139         1.32710139          0          0                  0                  0
 "CHVTT005"          "KICKER"                       28.0154                  0                  0       -9.972546387       0.1072368442        15.06235084      -0.6369001753      -0.1440069295         1.32710139         1.32710139          0          0                  0                  0
 "D16B"              "DRIFT"                        28.2959             0.2805                  0       -10.16413211       0.1032867285        15.32134261      -0.6369001753      -0.1440069295         1.32710139         1.32710139          0          0                  0                  0
 "BPSTT004"          "MARKER"                       28.2959                  0                  0       -10.16413211       0.1032867285        15.32134261      -0.6369001753      -0.1440069295         1.32710139         1.32710139          0          0                  0                  0
 "D16C"              "DRIFT"                        28.5764             0.2805                  0       -10.35571783       0.0993366127        15.58033438      -0.6369001753      -0.1440069295         1.32710139         1.32710139          0          0                  0                  0
 "QUATT006"          "QUADRUPOLE"                   28.6764                0.1                  0       -10.42401933      0.09792837178        15.67266656      -0.6369001753      -0.1440069295         1.32710139         1.32710139          0          0                  0                  0
 "QUATT006"          "QUADRUPOLE"                   28.7764                0.1                  0       -10.49232084      0.09652013087        15.76499875      -0.6369001753      -0.1440069295         1.32710139         1.32710139          0          0                  0                  0
 "FL2TT002"          "MARKER"                       28.7764                  0                  0       -10.49232084      0.09652013087        15.76499875      -0.6369001753      -0.1440069295         1.32710139         1.32710139          0          0                  0                  0
 "D17"               "DRIFT"                        33.1254              4.349                  0       -13.46275327      0.03527573357        19.78052538      -0.6369001753      -0.1440069295         1.32710139         1.32710139          0          0                  0                  0
 "DHPTT002"          "SBEND"                        33.6819             0.5565      -0.3899616847       -13.78106329      0.03773312168        20.21082716      -0.6369001753       0.2345099366        1.322747989         1.32710139          0          0                  0                  0
 "DHPTT002YR"        "YROTATION"                    33.6819                  0                  0       -13.78106329      0.03773312168        20.21082716      -0.6369001753       0.2348724417        1.329162983        1.322747989          0          0                  0                  0
 "DHPTT002"          "SBEND"                        34.2384             0.5565      -0.3899616847       -13.94712369      0.06001578261        20.43531298      -0.6369001753       0.6116534595         1.28256774        1.329162983          0          0                  0                  0
 "D18A"              "DRIFT"                        34.4854              0.247                  0       -13.98239485      0.07391255515        20.48299368      -0.6369001753       0.6116534595         1.28256774         1.28256774          0          0                  0                  0
 "CHVTT006"          "KICKER"                       34.4854                  0                  0       -13.98239485      0.07391255515        20.48299368      -0.6369001753       0.6116534595         1.28256774         1.28256774          0          0                  0                  0
 "BPSTT005"          "MARKER"                       34.4854                  0                  0       -13.98239485      0.07391255515        20.48299368      -0.6369001753       0.6116534595         1.28256774         1.28256774          0          0                  0                  0
 "D18B"              "DRIFT"                        35.3194              0.834                  0       -14.10148857       0.1208352608        20.64398842      -0.6369001753       0.6116534595         1.28256774         1.28256774          0          0                  0                  0
 "FL1TT001"          "MARKER"                       35.3194                  0                  0       -14.10148857       0.1208352608        20.64398842      -0.6369001753       0.6116534595         1.28256774         1.28256774          0          0                  0                  0
 "DHRTT001A"         "SBEND"                        35.6979             0.3785                  0        -14.1555377       0.1421305175        20.71705378      -0.6369001753       0.6116534595         1.28256774         1.28256774          0          0                  0                  0
 "DHRTT001B"         "SBEND"                        36.0764             0.3785                  0       -14.20958683       0.1634257742        20.79011914      -0.6369001753       0.6116534595         1.28256774         1.28256774          0          0                  0                  0
 "D19"               "DRIFT"                        36.5004              0.424                  0       -14.27013328       0.1872809627        20.87196779      -0.6369001753       0.6116534595         1.28256774         1.28256774          0          0                  0                  0
 "QUATT007"          "QUADRUPOLE"                   36.6004                0.1                  0        -14.2844131       0.1929071864        20.89127172      -0.6369001753       0.6116534595         1.28256774         1.28256774          0          0                  0                  0
 "QUATT007"          "QUADRUPOLE"                   36.7004                0.1                  0       -14.29869292       0.1985334101        20.91057564      -0.6369001753       0.6116534595         1.28256774         1.28256774          0          0                  0                  0
 "D20"               "DRIFT"                        37.1574              0.457                  0       -14.36395171       0.2242452524        20.99879459      -0.6369001753       0.6116534595         1.28256774         1.28256774          0          0                  0                  0
 "DHSTT001"          "SBEND"                        38.2704              1.113      -0.7941605136       -14.16006171       0.3127271941        20.72316949        2.504692478        1.295454553       0.5433626174         1.28256774          0          0                  0                  0
 "DHSTT001K"         "KICKER"                       38.2704                  0                  0       -14.16006171       0.3127271941        20.72316949        2.504692478        1.295454553       0.5433626174       0.5433626174          0          0                  0                  0
 "KER5"              "KICKER"                       38.2704                  0                  0       -14.16006171       0.3127271941        20.72316949        2.504692478        1.295454553       0.5433626174       0.5433626174          0          0                  0                  0
 "FL1TT002"          "MARKER"                       38.2704                  0                  0       -14.16006171       0.3127271941        20.72316949        2.504692478        1.295454553       0.5433626174       0.5433626174          0          0                  0                  0
 "D21A"              "DRIFT"                        40.5144              2.244                  0       -13.06113927       0.5243123282        19.23761058        2.504692478        1.295454553       0.5433626174       0.5433626174          0          0                  0                  0
 "CHVTT007"          "KICKER"                       40.5144                  0                  0       -13.06113927       0.5243123282        19.23761058        2.504692478        1.295454553       0.5433626174       0.5433626174          0          0                  0                  0
 "D21B"              "DRIFT"                        40.7704              0.256                  0         -12.935772       0.5484503827        19.06813506        2.504692478        1.295454553       0.5433626174       0.5433626174          0          0                  0                  0
 "QUATT008"          "QUADRUPOLE"                   40.8704                0.1                  0       -12.88680041       0.5578793102        19.00193368        2.504692478        1.295454553       0.5433626174       0.5433626174          0          0                  0                  0
 "QUATT008"          "QUADRUPOLE"                   40.9704                0.1                  0       -12.83782882       0.5673082378         18.9357323        2.504692478        1.295454553       0.5433626174       0.5433626174          0          0                  0                  0
 "BPSTT006"          "MARKER"                       40.9704                  0                  0       -12.83782882       0.5673082378         18.9357323        2.504692478        1.295454553       0.5433626174       0.5433626174          0          0                  0                  0
 "D22"               "DRIFT"                        43.3574              2.387                  0         -11.668877       0.7923767382        17.35550543        2.504692478        1.295454553       0.5433626174       0.5433626174          0          0                  0                  0
 "DVRTT001A"         "SBEND"                        43.5324              0.175      0.09571987575       -11.57957138       0.8086613454         17.2347792        2.504692478        1.210196314       0.4097555391        2.114158944          0          0                  0                  0
 "ROLL1"             "SROTATION"                    43.5324                  0                  0       -11.57957138       0.8086613454         17.2347792        2.504692478        1.210196314        1.980551866        1.980551866          0          0                  0                  0
 "DVRTT001YR"        "YROTATION"                    43.5324                  0                  0       -11.57957138       0.8086613454         17.2347792        2.504692478       0.7571641804        0.332992607        1.980551866          0          0                  0                  0
 "ROLL2"             "SROTATION"                    43.5324                  0                  0       -11.57957138       0.8086613454         17.2347792        2.504692478       0.7571641804        -1.23780372        -1.23780372          0          0                  0                  0
 "DVRTT001B"         "SBEND"                        43.7074              0.175      0.09571987575       -11.48361107       0.8244152012        17.10505695        2.504692478       0.7221690223       -1.156404647        0.332992607          0          0                  0                  0
 "KER1"              "KICKER"                       43.7074                  0                  0       -11.48361107       0.8244152012        17.10505695        2.504692478       0.7221690223       -1.156404647       -1.156404647          0          0                  0                  0
 "D23A"              "DRIFT"                        44.3584              0.651                  0       -11.11533299       0.8818517459        16.60720672        2.504692478       0.7221690223       -1.156404647       -1.156404647          0          0                  0                  0
 "D23B"              "DRIFT"                        44.6144              0.256                  0       -10.97051088       0.9044381598        16.41143152        2.504692478       0.7221690223       -1.156404647       -1.156404647          0          0                  0                  0
 "QUATT009"          "QUADRUPOLE"                   44.7144                0.1                  0       -10.91393975       0.9132609777        16.33495683        2.504692478       0.7221690223       -1.156404647       -1.156404647          0          0                  0                  0
 "QUATT009"          "QUADRUPOLE"                   44.8144                0.1                  0       -10.85736861       0.9220837956        16.25848214        2.504692478       0.7221690223       -1.156404647       -1.156404647          0          0                  0                  0
 "BPSTT007"          "MARKER"                       44.8144                  0                  0       -10.85736861       0.9220837956        16.25848214        2.504692478       0.7221690223       -1.156404647       -1.156404647          0          0                  0                  0
 "DVRTT002A"         "SBEND"                        44.9894              0.175     -0.09551083057       -10.76140135       0.9378370184        16.12875049        2.504692478       0.7570958307       -1.237617029       0.4143916798          0          0                  0                  0
 "ROLL1"             "SROTATION"                    44.9894                  0                  0       -10.76140135       0.9378370184        16.12875049        2.504692478       0.7570958307       0.3331792978       0.3331792978          0          0                  0                  0
 "DVRTT002YR"        "YROTATION"                    44.9894                  0                  0       -10.76140135       0.9378370184        16.12875049        2.504692478       0.7571280744       0.3332016522       0.3331792978          0          0                  0                  0
 "ROLL2"             "SROTATION"                    44.9894                  0                  0       -10.76140135       0.9378370184        16.12875049        2.504692478       0.7571280744       -1.237594675       -1.237594675          0          0                  0                  0
 "DVRTT001B"         "SBEND"                        45.1644              0.175      0.09571987575       -10.66542745       0.9535895553        15.99900987        2.504692478       0.7221148914       -1.156209438       0.3332016522          0          0                  0                  0
 "KER2"              "KICKER"                       45.1644                  0                  0       -10.66542745       0.9535895553        15.99900987        2.504692478       0.7221148914       -1.156209438       -1.156209438          0          0                  0                  0
 "D25A"              "DRIFT"                        46.5824              1.418                  0       -9.863146489        1.078685157        14.91446052        2.504692478       0.7221148914       -1.156209438       -1.156209438          0          0                  0                  0
 "CHVTT009"          "KICKER"                       46.5824                  0                  0       -9.863146489        1.078685157        14.91446052        2.504692478       0.7221148914       -1.156209438       -1.156209438          0          0                  0                  0
 "D25B"              "DRIFT"                        46.8769             0.2945                  0       -9.696523258        1.104665873        14.68921384        2.504692478       0.7221148914       -1.156209438       -1.156209438          0          0                  0                  0
 "BPSTT008"          "MARKER"                       46.8769                  0                  0       -9.696523258        1.104665873        14.68921384        2.504692478       0.7221148914       -1.156209438       -1.156209438          0          0                  0                  0
 "D25C"              "DRIFT"                        47.1714             0.2945                  0       -9.529900026        1.130646588        14.46396717        2.504692478       0.7221148914       -1.156209438       -1.156209438          0          0                  0                  0
 "QUATT010"          "QUADRUPOLE"                   47.2714                0.1                  0       -9.473321679        1.139468563        14.38748273        2.504692478       0.7221148914       -1.156209438       -1.156209438          0          0                  0                  0
 "QUATT010"          "QUADRUPOLE"                   47.3714                0.1                  0       -9.416743332        1.148290538        14.31099829        2.504692478       0.7221148914       -1.156209438       -1.156209438          0          0                  0                  0
 "FL1TT003"          "MARKER"                       47.3714                  0                  0       -9.416743332        1.148290538        14.31099829        2.504692478       0.7221148914       -1.156209438       -1.156209438          0          0                  0                  0
 "D26A"              "DRIFT"                        49.3114               1.94                  0         -8.3191234        1.319436848        12.82720016        2.504692478       0.7221148914       -1.156209438       -1.156209438          0          0                  0                  0
 "CHVTT010"          "KICKER"                       49.3114                  0                  0         -8.3191234        1.319436848        12.82720016        2.504692478       0.7221148914       -1.156209438       -1.156209438          0          0                  0                  0
 "D26B"              "DRIFT"                        49.6174              0.306                  0       -8.145993658         1.34643209        12.59315778        2.504692478       0.7221148914       -1.156209438       -1.156209438          0          0                  0                  0
 "QUATT011"          "QUADRUPOLE"                   49.7174                0.1                  0       -8.089415311        1.355254065        12.51667334        2.504692478       0.7221148914       -1.156209438       -1.156209438          0          0                  0                  0
 "QUATT011"          "QUADRUPOLE"                   49.8174                0.1                  0       -8.032836964         1.36407604         12.4401889        2.504692478       0.7221148914       -1.156209438       -1.156209438          0          0                  0                  0
 "D26C"              "DRIFT"                        51.3674               1.55                  0       -7.155872586        1.500816648        11.25468009        2.504692478       0.7221148914       -1.156209438       -1.156209438          0          0                  0                  0
 "DHRTP001"          "SBEND"                        51.7674                0.4                  0       -6.929559198        1.536104547        10.94874233        2.504692478       0.7221148914       -1.156209438       -1.156209438          0          0                  0                  0
 "D51A"              "DRIFT"                        52.3174               0.55                  0       -6.618378289        1.584625408        10.52807792        2.504692478       0.7221148914       -1.156209438       -1.156209438          0          0                  0                  0
 "BPSTE001"          "MARKER"                       52.3174                  0                  0       -6.618378289        1.584625408        10.52807792        2.504692478       0.7221148914       -1.156209438       -1.156209438          0          0                  0                  0
 "D51B"              "DRIFT"                        52.5574               0.24                  0       -6.482590256        1.605798148        10.34451526        2.504692478       0.7221148914       -1.156209438       -1.156209438          0          0                  0                  0
 "VALTE001"          "MARKER"                       52.5574                  0                  0       -6.482590256        1.605798148        10.34451526        2.504692478       0.7221148914       -1.156209438       -1.156209438          0          0                  0                  0
 "SIPTE001"          "MARKER"                       52.5574                  0                  0       -6.482590256        1.605798148        10.34451526        2.504692478       0.7221148914       -1.156209438       -1.156209438          0          0                  0                  0
 "D51C"              "DRIFT"                        55.4874               2.93                  0       -4.824844689        1.864282007         8.10352119        2.504692478       0.7221148914       -1.156209438       -1.156209438          0          0                  0                  0
 "KER3"              "KICKER"                       55.4874                  0                  0       -4.824844689        1.864282007         8.10352119        2.504692478       0.7221148914       -1.156209438       -1.156209438          0          0                  0                  0
 "DVRTE001"          "SBEND"                        55.8374               0.35       0.1876122882       -4.616687226        1.893657391        7.822127198        2.504692478        0.634775159       -1.021699608       0.4145868891          0          0                  0                  0
 "DVRTE001K"         "KICKER"                       55.8374                  0                  0       -4.616687226        1.893657391        7.822127198        2.504692478        0.634775159       -1.021699608       -1.021699608          0          0                  0                  0
 "D52A"              "DRIFT"                        57.1474               1.31                  0       -3.804229483        1.997339873        6.723820545        2.504692478        0.634775159       -1.021699608       -1.021699608          0          0                  0                  0
 "CHVTE001"          "KICKER"                       57.1474                  0                  0       -3.804229483        1.997339873        6.723820545        2.504692478        0.634775159       -1.021699608       -1.021699608          0          0                  0                  0
 "D52B"              "DRIFT"                        57.4574               0.31                  0       -3.611968491        2.021875422        6.463915917        2.504692478        0.634775159       -1.021699608       -1.021699608          0          0                  0                  0
 "QUATE001"          "QUADRUPOLE"                   57.5574                0.1                  0       -3.549948816        2.029790115        6.380075715        2.504692478        0.634775159       -1.021699608       -1.021699608          0          0                  0                  0
 "QUATE001"          "QUADRUPOLE"                   57.6574                0.1                  0       -3.487929141        2.037704809        6.296235512        2.504692478        0.634775159       -1.021699608       -1.021699608          0          0                  0                  0
 "D53A"              "DRIFT"                        58.7574                1.1                  0       -2.805712717        2.124766435        5.373993285        2.504692478        0.634775159       -1.021699608       -1.021699608          0          0                  0                  0
 "BPSTE012"          "MARKER"                       58.7574                  0                  0       -2.805712717        2.124766435        5.373993285        2.504692478        0.634775159       -1.021699608       -1.021699608          0          0                  0                  0
 "D53B"              "DRIFT"                        59.2674               0.51                  0       -2.489412374        2.165131371        4.946408252        2.504692478        0.634775159       -1.021699608       -1.021699608          0          0                  0                  0
 "DVRTE002"          "SBEND"                        59.6174               0.35      -0.1874658077       -2.281246999        2.194505582        4.665003566        2.504692478       0.7220558794       -1.156091356        0.549096719          0          0                  0                  0
 "DVRTE002K"         "KICKER"                       59.6174                  0                  0       -2.281246999        2.194505582        4.665003566        2.504692478       0.7220558794       -1.156091356       -1.156091356          0          0                  0                  0
 "KER4"              "KICKER"                       59.6174                  0                  0       -2.281246999        2.194505582        4.665003566        2.504692478       0.7220558794       -1.156091356       -1.156091356          0          0                  0                  0
 "D54"               "DRIFT"                        61.5174                1.9                  0       -1.206162409        2.362111871        3.211669445        2.504692478       0.7220558794       -1.156091356       -1.156091356          0          0                  0                  0
 "QUATE002"          "QUADRUPOLE"                   61.6174                0.1                  0       -1.149579009        2.370933255        3.135178175        2.504692478       0.7220558794       -1.156091356       -1.156091356          0          0                  0                  0
