          7          1     -0.02369976458    -0.003039726971    -0.006855350152     0.001014970568   -0.0002169303161    0.0001325654849            47.3714             0.5095
         21          1     -0.03073391813    -0.004089095897     -0.00172261606    0.0002696084043    -0.000279501508    -0.001420964289            47.3714             0.5095
         40          1      -0.0291174028    -0.003886060032     0.001881668853   -0.0003042346946   -0.0002463150527     -0.00168026375            47.3714             0.5095
         64          1    -0.008564504457   -0.0008376701656     0.003165596927   -0.0004650196209   -0.0001061546907    -0.001827661838            47.3714             0.5095
         71          1     -0.02589243637    -0.003378233024     0.003798349175   -0.0005654499971    -0.000230694856    0.0007876603077            47.3714             0.5095
         73          1     -0.02424761533    -0.003180408222     0.003137424832   -0.0004682337996   -0.0001957625652    0.0007157348916            47.3714             0.5095
         81          1     -0.03129889172    -0.004176040429    0.0004467295237   -4.364973132e-05    -0.000288369751   -0.0006058674376            47.3714             0.5095
         82          1     -0.02611514018    -0.003370539348     0.004525852658    -0.000674337214   -0.0002417068517    -0.002015923823            47.3714             0.5095
        113          1     -0.03143409141    -0.004177327081   -3.350470641e-07   -1.045091133e-05   -0.0002988027136   -0.0001931446399            47.3714             0.5095
        114          1     -0.02890458601    -0.003831469812     0.001289698571   -0.0001968830118   -0.0002576415775    0.0001706569723            47.3714             0.5095
        145          1     -0.02756222995    -0.003627419785    0.0008811266206   -0.0001319105586   -0.0002375582897    -0.001956563673            47.3714             0.5095
        148          1     -0.02943563507     -0.00390214143    0.0007938302924   -0.0001199615168   -0.0002638780935   -0.0007315230913            47.3714             0.5095
        149          1     -0.02241356874     -0.00283994716     0.001974053247   -0.0003115237975   -0.0002010503838   -0.0009636882595            47.3714             0.5095
        177          1     -0.02677372654    -0.003514368844   -0.0006710176813    9.846321368e-05   -0.0002348553721    0.0003750322817            47.3714             0.5095
        187          1     -0.02343853734    -0.003082369544    -0.001112988635    0.0001500459261   -0.0001773396079    -0.000444595765            47.3714             0.5095
        211          1     -0.03049884897    -0.004087295972   -0.0003724051651    7.449746973e-05   -0.0002696263772    0.0001693238442            47.3714             0.5095
        219          1     -0.03060322471    -0.004056377436   -0.0002126275341     3.65972008e-05   -0.0002842814286    -0.001029554396            47.3714             0.5095
        228          1      -0.0236160583    -0.003048232567   -0.0005870255787    0.0001057084383   -0.0002003255125   -0.0004453342032            47.3714             0.5095
        233          1     -0.02978106823    -0.003949517959    -0.004247231651    0.0006148773683   -0.0002689153278    -0.001698734129            47.3714             0.5095
        234          1     -0.03048821877    -0.004026947631      0.00017623714   -2.982287013e-05   -0.0002897056158   -0.0005856975159            47.3714             0.5095
        245          1     -0.02821063092    -0.003739915618     0.005844712825   -0.0008561405065    -0.000250101964     0.000286075085            47.3714             0.5095
        265          1     -0.02961191833    -0.003914751826     0.003631655804   -0.0005323250565   -0.0002703032815    -0.001498324177            47.3714             0.5095
        272          1     -0.02688583793    -0.003533043707     0.002177794112   -0.0003322611107   -0.0002303532738     -0.00132493359            47.3714             0.5095
        277          1     -0.02565852866    -0.003380127724      0.00404734094   -0.0006030840103   -0.0002065706802    -0.002118903182            47.3714             0.5095
        298          1     -0.02914934057    -0.003850303256    -0.002998727759    0.0004201310254   -0.0002620093842    -0.001952684028            47.3714             0.5095
        308          1     -0.02515890371    -0.003227111728   -0.0009300912477    0.0001336755838    -0.000233530211    -0.001263783733            47.3714             0.5095
        339          1     -0.02714232138    -0.003588878465    0.0006904617851   -0.0001159094578   -0.0002302043136    4.025019755e-05            47.3714             0.5095
        352          1     -0.02297381635    -0.002961883314    -0.001920051356    0.0002824748671   -0.0001912770609   -0.0004802990608            47.3714             0.5095
        380          1     -0.02923242423    -0.003856497954      0.00127174071   -0.0001812123723   -0.0002663107102    -0.001178484136            47.3714             0.5095
        406          1     -0.03074766488    -0.004153773449    -0.003555274819    0.0005254145747   -0.0002645214608    0.0002919859604            47.3714             0.5095
        426          1     -0.02703156379    -0.003555018182     0.003545588342   -0.0005207034446    -0.000235976535   -0.0003469737059            47.3714             0.5095
        432          1     -0.02743577711    -0.003587797284      0.00366053412   -0.0005383946385   -0.0002518290109   -0.0002298339843            47.3714             0.5095
        449          1     -0.02984719651    -0.003987774698    -0.001268084553    0.0001872983821   -0.0002559993228    -0.002024073879            47.3714             0.5095
        451          1     -0.02976765599    -0.003948263873     0.002632366752   -0.0004140095259   -0.0002709315959   -0.0003339302168            47.3714             0.5095
        470          1     -0.03110264058    -0.004143671082    -0.003561495633     0.000508880861   -0.0002876951183   -0.0009846294194            47.3714             0.5095
        474          1     -0.02575861888    -0.003333198419     0.002533619704   -0.0003985314601    -0.000234324635   -0.0006306707376            47.3714             0.5095
        497          1     -0.02194929854     -0.00280261621     0.005918298749   -0.0008714269521   -0.0001801579385    -0.004151002821            47.3714             0.5095
        503          1     -0.02657544739    -0.003497360184     0.002213222566   -0.0003360213838    -0.000224453577   -0.0009189875039            47.3714             0.5095
        523          1     -0.03089602609    -0.004156492688     0.003351347995   -0.0005167869452   -0.0002661940109    -0.001749974012            47.3714             0.5095
        524          1     -0.01935172197     -0.00242043732    -0.001592260523     0.000226817408   -0.0001652461612    9.365777867e-05            47.3714             0.5095
        530          1     -0.02664468538    -0.003498436803     0.001059701635    -0.000175822467   -0.0002259740107    -0.001704463511            47.3714             0.5095
        549          1     -0.02465134648      -0.0031942589      0.00114873967   -0.0001659483903   -0.0002106149268    -0.001296323332            47.3714             0.5095
        561          1      -0.0284969714    -0.003780879068   -0.0004199994091    8.523834861e-05   -0.0002479729233   -0.0002257338553            47.3714             0.5095
        589          1     -0.02734431705    -0.003629842869     0.004517180562    -0.000666114848   -0.0002305145623   -0.0001039595878            47.3714             0.5095
        597          1     -0.02675030617    -0.003515259107     0.002759143502   -0.0003972870807   -0.0002288847393    -0.001322833563            47.3714             0.5095
        611          1     -0.03111690987    -0.004161650516      0.00213150509   -0.0003278386572   -0.0002842682542    0.0002472795992            47.3714             0.5095
        644          1     -0.02995869492    -0.004014303729     -0.00104472195    0.0001430121546   -0.0002596127884   -0.0001562179885            47.3714             0.5095
        652          1       -0.028756873    -0.003799945048     0.004596184388   -0.0006751352661   -0.0002589701795   -0.0008211230296            47.3714             0.5095
        655          1     -0.02887222148    -0.003823776354     0.002762471304   -0.0004154967917   -0.0002567417739   -0.0005121359956            47.3714             0.5095
        665          1     -0.02675252071    -0.003504148397    -0.002059901562    0.0003056167443   -0.0002330850231    -0.001140603652            47.3714             0.5095
        694          1     -0.02797731364    -0.003714835672     0.003038574708   -0.0004340030184   -0.0002408339547    0.0002294162461            47.3714             0.5095
        695          1     -0.03135692502    -0.004188999412    -0.001137484108    0.0001395775134   -0.0002886691552   -0.0004036644404            47.3714             0.5095
        702          1     -0.01504353233     -0.00175830913    -3.41553792e-05   -2.189543728e-06   -0.0001452477585    -0.001515642454            47.3714             0.5095
        707          1     -0.03021580442    -0.004082865673    -0.001851815385    0.0003104074395   -0.0002577773937     0.001538606021            47.3714             0.5095
        717          1     -0.02594195867    -0.003394344067    -0.003051970015    0.0004708273315   -0.0002192872482    -0.001722493424            47.3714             0.5095
        724          1     -0.02616379874     -0.00336228731     0.005059773512   -0.0007360093666   -0.0002501143053     -0.00215353396            47.3714             0.5095
        733          1     -0.02708560249     -0.00360357274    -0.000457017705     6.08314431e-05   -0.0002200972669   -0.0004769053972            47.3714             0.5095
        739          1     -0.03008617345    -0.003999335614     -0.00041885019    5.551694167e-05   -0.0002769322863    0.0008442756608            47.3714             0.5095
        745          1     -0.02866070675    -0.003806532706    0.0001762938361   -2.686843206e-05   -0.0002499924201    4.953110671e-05            47.3714             0.5095
        756          1     -0.02934249441    -0.003866372414    0.0006060394211   -8.250164072e-05   -0.0002752838281    0.0002439486665            47.3714             0.5095
        760          1     -0.03106755081    -0.004116341124     0.005294862699   -0.0007975908467   -0.0002913030817    -0.002396014463            47.3714             0.5095
        762          1     -0.02492682955    -0.003230691409   -3.516109203e-05    9.835226343e-06   -0.0002193224412    0.0001872624872            47.3714             0.5095
        771          1     -0.02593661348    -0.003345835147     0.001678462815   -0.0002424678855   -0.0002398022759    -0.001293413812            47.3714             0.5095
        784          1     -0.02585134117    -0.003361091001   -0.0001125888444     2.82350691e-05   -0.0002263582143    -0.001394663566            47.3714             0.5095
        788          1     -0.03043231338    -0.004071836256    -0.002193277807     0.000326403133   -0.0002746928835     0.001215145714            47.3714             0.5095
        807          1     -0.02539632326     -0.00334936372    -0.001915680547    0.0002795878508   -0.0002038948689   -0.0005265491789            47.3714             0.5095
        823          1     -0.02692544806    -0.003504204454      0.00307801889     -0.00046353501    -0.000247296412   -0.0007171779184            47.3714             0.5095
        891          1     -0.02287544233    -0.002905951904     0.002954259753   -0.0004569805887   -0.0002057808397    -0.001200283325            47.3714             0.5095
        903          1     -0.02726826436    -0.003578911533     0.001569542135   -0.0002169783898    -0.000247115136     0.001204856062            47.3714             0.5095
        904          1     -0.03138775568    -0.004184192374     0.002220105337    -0.000328114603   -0.0002905620049   -0.0009069884682            47.3714             0.5095
        921          1     -0.02763320394    -0.003729222002     0.001602596479   -0.0002412566259   -0.0002122904781   -0.0008876201895            47.3714             0.5095
        947          1     -0.03146638228    -0.004206667216   -0.0001211189072    2.578212802e-05   -0.0002908376529    0.0002089034994            47.3714             0.5095
        952          1     -0.02973995865    -0.003945563513    -0.002276465596     0.000332772143   -0.0002706860622   -0.0001877982136            47.3714             0.5095
        958          1     -0.02965724196    -0.003910426836   -0.0003545028221    4.061609146e-05    -0.000276361961   -0.0007584843098            47.3714             0.5095
        969          1     -0.03037094957    -0.004072373284     0.003753645857   -0.0005842091449   -0.0002618586988    -0.001752623967            47.3714             0.5095
        971          1     -0.03140061728    -0.004232336785    -0.002955079568    0.0004290396452   -0.0002776415836   -3.567883957e-05            47.3714             0.5095
        974          1     -0.02961907493    -0.003966332869   -0.0009804337443    0.0001558573383   -0.0002569435232    0.0006720870168            47.3714             0.5095
        995          1     -0.02853153222    -0.003698711587     0.001532627155   -0.0002347755367   -0.0002857428683   -0.0002927465505            47.3714             0.5095
