          7          1     -0.02563040321    0.0008217945854    -0.004239197679   -0.0005220940625   -0.0001993207912    0.0001325661012            38.2704             0.5095
         18          1     -0.03536454205    0.0008952475329    0.0004714402371    4.729768654e-05   -0.0002931429073    0.0007351162302            38.2704             0.5095
         21          1     -0.03202278369    0.0008880959058     -0.00119716493   -0.0001240551747   -0.0002522376175    -0.001420963327            38.2704             0.5095
         28          1     -0.03674290168     0.000909360005   -0.0001481529566   -3.842208298e-05   -0.0003086951988   -0.0003855918648            38.2704             0.5095
         33          1     -0.03432362313    0.0008360286474    0.0008712224251    7.807434716e-05   -0.0002680939368   -0.0001665443319            38.2704             0.5095
         40          1     -0.03023791273    0.0008266245646     0.001396615372    0.0001307442993   -0.0002218735146    -0.001680262888            38.2704             0.5095
         61          1     -0.03591776423    0.0009884112222     0.002615701652     0.000317560225   -0.0003177300389    -0.001161244181            38.2704             0.5095
         64          1       -0.011390188    0.0006053482105     0.001920644372    0.0002428858533   -0.0001029942042    -0.001827661748            38.2704             0.5095
         66          1     -0.03335509176    0.0009016070151    -0.002792577159    -0.000358576048   -0.0002734309675   -0.0002926995991            38.2704             0.5095
         69          1     -0.03681255457    0.0009330389871   -0.0009640912848   -9.547987667e-05   -0.0003152020063    -0.000105294014            38.2704             0.5095
         71          1     -0.02753871765    0.0008309425511     0.002378330612    0.0002877592511   -0.0002108785709    0.0007876610076            38.2704             0.5095
         73          1     -0.02565197631    0.0007581424569     0.001975100834    0.0002371115997   -0.0001785188669    0.0007157355021            38.2704             0.5095
         78          1     -0.03694319032    0.0009613640681    0.0004400611212     6.67097037e-05   -0.0003191741213    -0.001305564061            38.2704             0.5095
         81          1     -0.03252254183    0.0008920609621    7.029457826e-05    4.505712003e-05   -0.0002602678316   -0.0006058664418            38.2704             0.5095
         82          1     -0.02805653823    0.0008770778777     0.002832502514    0.0003426021863   -0.0002210816079    -0.002015923108            38.2704             0.5095
         84          1     -0.03589894519    0.0009444045874     0.003030446062    0.0003847825846   -0.0003087074836   -0.0006250999857            38.2704             0.5095
         93          1      -0.0360296023    0.0009637628597    -0.001272776047    -0.000167610312    -0.000312317735   -0.0007789990627            38.2704             0.5095
        101          1      -0.0357315954     0.000925836775     0.001956285691    0.0002538082218   -0.0003009483143   -0.0006446688517            38.2704             0.5095
        104          1     -0.03622093445    0.0009052720699     0.001534256542    0.0001795074776   -0.0003060472328    0.0009453040799            38.2704             0.5095
        105          1     -0.03580750746    0.0008530826159    -0.001737137708   -0.0002364443631   -0.0002906406978    0.0002424704095            38.2704             0.5095
        107          1     -0.03397040931    0.0008636025409    -0.001927479398   -0.0002279526901   -0.0002740738462     0.001439196436            38.2704             0.5095
        113          1     -0.03280351572     0.000916606578    9.582730142e-05   -5.180205515e-06    -0.000270403554   -0.0001931436334            38.2704             0.5095
        114          1     -0.03024601133    0.0008550254724    0.0008518207912    9.530605472e-05   -0.0002335693459     0.000170657826            38.2704             0.5095
        116          1     -0.03400813595    0.0009304439675    0.0004627518079    3.219901778e-05   -0.0002849860655   -0.0002161197821            38.2704             0.5095
        138          1     -0.03490018405     0.000834269967     0.001788635531    0.0002108288686    -0.000275108918   -0.0002031523843            38.2704             0.5095
        139          1      -0.0362079554     0.000909109123    0.0001144093094    3.965722849e-06   -0.0003020281977   -0.0004443728088            38.2704             0.5095
        145          1     -0.02903837155    0.0008425994708    0.0005572114036    6.639391257e-05   -0.0002154256127    -0.001956562899            38.2704             0.5095
        148          1     -0.03079198593    0.0008687319716    0.0005127619072    5.926506738e-05   -0.0002388766995   -0.0007315222084            38.2704             0.5095
        149          1     -0.02451765058    0.0008169507476     0.001395779133    0.0001409002268   -0.0001858745318   -0.0009636877367            38.2704             0.5095
        162          1     -0.03502343449    0.0009219394335     0.001056014663    0.0001306190119   -0.0002950021735    0.0004185091392            38.2704             0.5095
        164          1     -0.03688878564    0.0009682553197     0.002004198746    0.0002247441512   -0.0003237312029   -0.0004719721845            38.2704             0.5095
        176          1     -0.03611436367    0.0009395778451     0.001552445375    0.0001996843922    -0.000304765604    -0.001564503865            38.2704             0.5095
        177          1     -0.02830049769    0.0008334365834   -0.0004069449696   -5.153820025e-05     -0.00021405865    0.0003750330162            38.2704             0.5095
        179          1     -0.03489843681    0.0008950982125     0.001868604651    0.0002206265112   -0.0002841418794   -0.0008068306096            38.2704             0.5095
        183          1     -0.03703806411    0.0009098144037     0.002944831197    0.0003647426336   -0.0003158435937    7.070703583e-05            38.2704             0.5095
        186          1     -0.03325473782    0.0009590187169     0.002090926521    0.0002277497622   -0.0002889531154    0.0001182200355            38.2704             0.5095
        187          1     -0.02472267422    0.0007215452008   -0.0005530827805   -9.199644723e-05   -0.0001613675673   -0.0004445952026            38.2704             0.5095
        189          1     -0.03547533499    0.0009076173414   -0.0001845241967   -1.236427841e-05     -0.00029210762   -0.0008904427009            38.2704             0.5095
        194          1     -0.03407351373    0.0009006285362   -0.0003634711661    -5.60103866e-05   -0.0002713570652    -0.002448113432            38.2704             0.5095
        202          1     -0.03516437289    0.0009182517876     0.002138930985     0.000233770454   -0.0002900244721    -0.001444823694            38.2704             0.5095
        211          1      -0.0315510688    0.0008493920439    -0.000407302015   -1.885295263e-05   -0.0002430967759    0.0001693247896            38.2704             0.5095
        219          1     -0.03201526923    0.0009032631254   -0.0001781837688   -1.368469748e-05   -0.0002572466496    -0.001029553443            38.2704             0.5095
        223          1     -0.03466402022    0.0009111615516     0.002193104702     0.000286981947   -0.0002864910088   -0.0007153886923            38.2704             0.5095
        224          1     -0.03618985387    0.0008995868588    -0.001828194326   -0.0002132578277   -0.0003047827739    0.0009787951054            38.2704             0.5095
        228          1     -0.02537931979    0.0007952055801   -0.0005347677039   -3.548338711e-05   -0.0001838652911   -0.0004453336292            38.2704             0.5095
        233          1     -0.03113227014    0.0008752287339    -0.002494474137   -0.0003303010655   -0.0002428911685    -0.001698733213            38.2704             0.5095
        234          1     -0.03201461849    0.0009175523866    0.0001430398728     1.15919616e-05   -0.0002628254196   -0.0005856965676            38.2704             0.5095
        245          1     -0.02951722351    0.0008341880584     0.003530621578    0.0004496438638   -0.0002264941634    0.0002860759236            38.2704             0.5095
        256          1     -0.03548018118    0.0009084660648    -0.001105998169   -0.0001312857936    -0.000298405905     0.000991606126            38.2704             0.5095
        265          1     -0.03105792859    0.0008852655086     0.002193468575    0.0002792125139   -0.0002446273625    -0.001498323274            38.2704             0.5095
        266          1     -0.03655902915     0.000929220483    -0.000303051468   -2.198397049e-05   -0.0003083349206    -0.001062653884            38.2704             0.5095
        272          1     -0.02837421804    0.0008293505147     0.001434971089    0.0001610430025   -0.0002092230642    -0.001324932849            38.2704             0.5095
        277          1     -0.02700497906    0.0007802813596     0.002533203509     0.000306358581   -0.0001870732903    -0.002118902499            38.2704             0.5095
        280          1     -0.03347209588    0.0008591048982    0.0004761935591    5.289450936e-05   -0.0002613592429   -0.0006991163228            38.2704             0.5095
        298          1     -0.03059599388     0.000874508416    -0.001632529298   -0.0002400611158   -0.0002371434515    -0.001952683157            38.2704             0.5095
        304          1     -0.03278818083    0.0008799229212   -0.0005800770653   -7.338518991e-05   -0.0002652858412     0.001349226451            38.2704             0.5095
        308          1     -0.02719763332    0.0008698990584   -0.0005375624065   -7.281040693e-05      -0.0002146877    -0.001263783081            38.2704             0.5095
        312          1     -0.03709461508    0.0009279726024     0.001146616031    0.0001221382086   -0.0003132951582    -0.001478323891            38.2704             0.5095
        318          1     -0.03674659319    0.0008309575729    -0.001454261579   -0.0001574865762   -0.0003003192644    0.0008911253531            38.2704             0.5095
        325          1     -0.03543597107    0.0008491715794    0.0008373162038     7.50190442e-05   -0.0002814381467    -0.001002313429            38.2704             0.5095
        334          1     -0.03696752509    0.0009084845783     0.000419328663    2.232326359e-05   -0.0003146616269    0.0007727350158            38.2704             0.5095
        339          1     -0.02847437862    0.0008133423764     0.000552044365    4.586559763e-05   -0.0002089463207    4.025095007e-05            38.2704             0.5095
        340          1     -0.03306997595    0.0008025067864    -0.001677838804    -0.000224163698   -0.0002497614972   -0.0002042860898            38.2704             0.5095
        346          1     -0.03369664055     0.000858362318    0.0001381853504    2.300035662e-05   -0.0002670213017    0.0006066815618            38.2704             0.5095
        351          1     -0.03541250045    0.0009232138771     0.001364763331    0.0001682279084   -0.0002988372671    0.0002034621201            38.2704             0.5095
        352          1     -0.02471711025     0.000777624878    -0.001170230726   -0.0001471119242   -0.0001756103955   -0.0004802985148            38.2704             0.5095
        359          1     -0.03630159216    0.0009349479788   -0.0005956007644   -9.462806137e-05   -0.0003076883239   -0.0008394109149            38.2704             0.5095
        361          1     -0.03436242076    0.0009375708852    -0.001575012128   -0.0001841850396    -0.000285314589    -0.001789723711            38.2704             0.5095
        374          1     -0.03605131842    0.0009455706389     0.000159918697    3.811541138e-05   -0.0003097668464   -9.640041924e-05            38.2704             0.5095
        380          1     -0.03072857062    0.0008841016385    0.0007207502515      0.00010032381   -0.0002414999588    -0.001178483263            38.2704             0.5095
        394          1     -0.03679752186    0.0009195274732     0.003415664446    0.0003987011102   -0.0003182116169     0.001128255911            38.2704             0.5095
        399          1      -0.0371279493    0.0009359923678     0.001840432018    0.0002059850572   -0.0003167830337    -0.001097383973            38.2704             0.5095
        406          1     -0.03153916615    0.0008172513523    -0.002190008472   -0.0002712372915   -0.0002374763511    0.0002919869284            38.2704             0.5095
        416          1      -0.0339461257    0.0008550362208     0.001053806031     0.000138405815   -0.0002688342885    0.0003950215698            38.2704             0.5095
        426          1     -0.02851217526    0.0008321613506     0.002152823402    0.0002721089787   -0.0002145177618   -0.0003469729493            38.2704             0.5095
        432          1     -0.02910580507    0.0008689863853     0.002230262155    0.0002805328891   -0.0002296143501   -0.0002298332028            38.2704             0.5095
        449          1     -0.03095754481    0.0008415743409   -0.0007785804169   -9.679673842e-05   -0.0002303513062    -0.002024072975            38.2704             0.5095
        451          1     -0.03112541788    0.0008767758913     0.001849170053    0.0001885645175   -0.0002452844272   -0.0003339293083            38.2704             0.5095
        454          1     -0.03272294431    0.0007956984055    -0.001570819038   -0.0001699546801   -0.0002427781378   -0.0009112629779            38.2704             0.5095
        460          1     -0.03406884576    0.0008583403772    -0.001480710636   -0.0001803413109   -0.0002720408429    0.0008109535085            38.2704             0.5095
        463          1      -0.0358681235    0.0009313184093    -0.001445303357   -0.0001731357572   -0.0003040438008   -0.0002756909156            38.2704             0.5095
        470          1      -0.0323657629    0.0008930618244    -0.002031649763   -0.0002802724724   -0.0002596120562   -0.0009846284267            38.2704             0.5095
        474          1      -0.0276118896    0.0008570654054     0.001779940792    0.0001814702682   -0.0002146654888   -0.0006306700507            38.2704             0.5095
        481          1     -0.03507845401    0.0008985912191     -0.00062166576     -6.6378386e-05   -0.0002844271052    -0.001413103581            38.2704             0.5095
        487          1     -0.03600245898    0.0008818994486   -0.0008047840113   -7.947404688e-05   -0.0002981386089    0.0008437842281            38.2704             0.5095
        488          1     -0.03377964982    0.0008846932335     0.001791374332    0.0002125880007   -0.0002680171738    -0.001569653411            38.2704             0.5095
        497          1     -0.02381667024    0.0007701004204     0.003601951363    0.0004530919693     -0.00016491232      -0.0041510023            38.2704             0.5095
        502          1     -0.03344384802    0.0009010510317     0.001243728281    0.0001583515533   -0.0002731504562     5.00430944e-05            38.2704             0.5095
        503          1     -0.02800789794    0.0008144004995     0.001443707664    0.0001644663322   -0.0002038505134   -0.0009189867791            38.2704             0.5095
        523          1      -0.0318141452    0.0008377662127     0.002257715657    0.0002451456639   -0.0002387018667    -0.001749973038            38.2704             0.5095
        524          1     -0.02143085884    0.0007440714221   -0.0009029817669   -0.0001256474422   -0.0001538220872    9.365817045e-05            38.2704             0.5095
        530          1     -0.02814078847    0.0008247339859    0.0008276121905    7.143387248e-05   -0.0002052563339    -0.001704462786            38.2704             0.5095
        531          1     -0.03710441583    0.0009554367644     0.002594189003    0.0003306456233   -0.0003244153965    -0.000466495147            38.2704             0.5095
        534          1     -0.03467904769    0.0009329013024    0.0004923150868    7.652709891e-05   -0.0002923806335   -0.0001544358455            38.2704             0.5095
        539          1     -0.03389622526     0.000877435063   -0.0006055230195    -9.01463208e-05   -0.0002739688972    0.0007927614322            38.2704             0.5095
        543          1     -0.03301726343    0.0008766430295     0.003175414847    0.0004006777786   -0.0002644617304   -0.0003371394442            38.2704             0.5095
        549          1      -0.0263851948     0.000814036249    0.0006716761165    8.951114245e-05   -0.0001926797567    -0.001296322708            38.2704             0.5095
        551          1     -0.03387696923    0.0008729495844     0.001213506069    0.0001179198302   -0.0002682243338   -0.0008044574147            38.2704             0.5095
        561          1     -0.02978822146    0.0008381745727   -0.0004705002311   -2.066939378e-05   -0.0002245957675   -0.0002257330275            38.2704             0.5095
        573          1     -0.03650826546    0.0009006251176   -0.0008021266048   -0.0001209205608   -0.0003106126864     0.001640026016            38.2704             0.5095
        574          1     -0.03708146795    0.0008974874896    0.0001255072307    2.782784671e-05   -0.0003157418167     0.001402656002            38.2704             0.5095
        580          1     -0.03479327784    0.0008639118967    0.0003592051969    7.007668753e-05   -0.0002770884545   -0.0006477344592            38.2704             0.5095
        589          1     -0.02856881261    0.0008022345239     0.002768267566    0.0003453374765   -0.0002085863696   -0.0001039588099            38.2704             0.5095
        590          1     -0.03485081021    0.0009214324513     0.002115341936    0.0002538534982   -0.0002899976889   -0.0007484007514            38.2704             0.5095
        597          1     -0.02823099031    0.0008251430377     0.001601325622     0.000215633883    -0.000207893266    -0.001322832827            38.2704             0.5095
        602          1      -0.0361516285    0.0009786149324     0.001807713416    0.0002124625075   -0.0003173233027   -0.0008758841518            38.2704             0.5095
        606          1     -0.03706813602    0.0009228896167   -0.0002991779257    -2.95863202e-05   -0.0003169317151    0.0002107149872            38.2704             0.5095
        610          1     -0.03624811069    0.0009590080522    0.0001548025785    1.130184194e-05   -0.0003109190514    -0.001300163995            38.2704             0.5095
        611          1     -0.03226032103    0.0008768119048     0.001430268652    0.0001563112609   -0.0002565283786    0.0002472805876            38.2704             0.5095
        621          1     -0.03559112194    0.0009161968206   -0.0006455657543   -6.898617316e-05    -0.000300235808    0.0006881021057            38.2704             0.5095
        629          1     -0.03685485236    0.0009408980777    -0.001443177389   -0.0001814484997   -0.0003184229376    4.161362188e-05            38.2704             0.5095
        637          1     -0.03674392735    0.0009504699027    -0.001207322067   -0.0001513999844   -0.0003200196639    0.0002546708612            38.2704             0.5095
        644          1      -0.0309943791    0.0008344508273   -0.0005391960963   -8.529111483e-05   -0.0002339661847   -0.0001562170761            38.2704             0.5095
        645          1     -0.03642006952    0.0009193697985     0.002035231339    0.0002378832453   -0.0003065021784   -0.0007273658645            38.2704             0.5095
        648          1     -0.03661644923    0.0009719446072   -0.0003499238717   -5.241984881e-05   -0.0003232751538    7.503776989e-05            38.2704             0.5095
        652          1     -0.03018101123     0.000863030381     0.002790833241    0.0003526679033   -0.0002346076817   -0.0008211221702            38.2704             0.5095
        655          1     -0.03023441125    0.0008568644908     0.001766747257    0.0002071984779   -0.0002325417034     -0.00051213514            38.2704             0.5095
        665          1      -0.0283278235    0.0008390460611    -0.001278226364   -0.0001565683817   -0.0002121202606    -0.001140602917            38.2704             0.5095
        678          1     -0.03518617353    0.0008929254905      0.00148551537    0.0001535749058   -0.0002854185949    -0.001173313587            38.2704             0.5095
        692          1     -0.03536297264    0.0009109344445      0.00139788826    0.0001772107676   -0.0002942535291   -0.0002029927755            38.2704             0.5095
        693          1     -0.03674776604    0.0009614628826   -0.0003890387642   -5.831686472e-05   -0.0003188614407   -0.0007719440972            38.2704             0.5095
        694          1     -0.02922490202    0.0008202474495     0.001734026291    0.0002392104165   -0.0002181433302    0.0002294170514            38.2704             0.5095
        695          1      -0.0325420698    0.0008879265693   -0.0004393176025   -0.0001007796629   -0.0002604760884   -0.0004036634401            38.2704             0.5095
        696          1     -0.03618061106    0.0009765351859     -0.00101824009   -0.0001200627737   -0.0003133451615    -0.001752714049            38.2704             0.5095
        702          1     -0.01766179436    0.0007231550594    4.526689739e-05   -6.152157148e-06     -0.00013783242    -0.001515642214            38.2704             0.5095
        707          1     -0.03099708323     0.000804363698    -0.001477372653   -0.0001232000167   -0.0002319412603     0.001538606951            38.2704             0.5095
        717          1     -0.02749514082    0.0008169821917    -0.002057953334   -0.0002231456938   -0.0001994262085     -0.00172249273            38.2704             0.5095
        723          1     -0.03549078944    0.0008886974419    -0.006476728256   -0.0007953150273   -0.0003065560504     0.001671796027            38.2704             0.5095
        724          1     -0.02822671866    0.0008957256503     0.003002452014     0.000391774378   -0.0002291968429    -0.002153533237            38.2704             0.5095
        733          1     -0.02822973891    0.0007844301264   -0.0002199561412    -3.81587625e-05   -0.0001990103281   -0.0004769046505            38.2704             0.5095
        739          1     -0.03139641428    0.0008779176507   -0.0001998156702   -3.509221208e-05   -0.0002509887447    0.0008442765847            38.2704             0.5095
        745          1     -0.02992951568    0.0008388249187    0.0001160233655    1.304956323e-05   -0.0002263866832    4.953194404e-05            38.2704             0.5095
        751          1       -0.036965949    0.0009337010857    -0.001575658749   -0.0001966152415   -0.0003159028809   -0.0006622399866            38.2704             0.5095
        756          1     -0.03089373659    0.0008955728101    0.0003087414968    4.970425416e-05   -0.0002503806176    0.0002439495472            38.2704             0.5095
        760          1     -0.03250197011    0.0009161605398     0.003392213689    0.0003965726634   -0.0002627724492    -0.002396013461            38.2704             0.5095
        762          1     -0.02668368754    0.0008245888843   -6.406787472e-05   -4.040654392e-07   -0.0002010914843    0.0001872631262            38.2704             0.5095
        766          1     -0.03667570297     0.001067171865    -0.002195221831   -0.0003172515879   -0.0003512862575    -0.001413464735            38.2704             0.5095
        768          1     -0.03705102761    0.0009587360331    -0.001406479945    -0.000170921662   -0.0003183415415    -0.001827194012            38.2704             0.5095
        769          1     -0.03706840195    0.0009002696683     0.000424890772    2.914188717e-05   -0.0003125491293    0.0001787460973            38.2704             0.5095
        771          1     -0.02788317417    0.0008742380502    0.0009813661068    0.0001307902421   -0.0002198396825    -0.001293413118            38.2704             0.5095
        781          1     -0.03266861092    0.0007950098358   -0.0004691200615   -4.058368101e-05   -0.0002450834202    0.0007612269226            38.2704             0.5095
        784          1     -0.02757625136     0.000840048389   -0.0001754283237   -2.906363139e-06    -0.000206720825    -0.001394662882            38.2704             0.5095
        788          1     -0.03154479517    0.0008573017754    -0.001372860308   -0.0001662107184    -0.000248221952     0.001215146661            38.2704             0.5095
        796          1     -0.03409089053    0.0009022161164     0.003595776914    0.0004566798019   -0.0002824357911   -0.0001843066783            38.2704             0.5095
        800          1     -0.03594832072     0.000875480193     0.002515885492    0.0002839397301   -0.0002904007865    -0.001882673533            38.2704             0.5095
        807          1     -0.02670933765    0.0007703791986     -0.00114698916   -0.0001478781143   -0.0001851437224   -0.0005265485177            38.2704             0.5095
        818          1     -0.03590164347    0.0008562511003    -0.001976040149   -0.0002336823574   -0.0002958665432     0.001879996258            38.2704             0.5095
        821          1     -0.03611086101    0.0009586517532     0.003210234104    0.0004053416468   -0.0003174311798    0.0001026648447            38.2704             0.5095
        823          1     -0.02869856973     0.000871994701     0.001973514839    0.0002305841596   -0.0002258626607   -0.0007171771677            38.2704             0.5095
        828          1      -0.0327044928    0.0008724965517    0.0008111004575    9.013981386e-05   -0.0002567262667   -0.0006633613401            38.2704             0.5095
        831          1     -0.03474965428    0.0008996512755    0.0005396804084    5.504833627e-05   -0.0002821199588    -0.001048473591            38.2704             0.5095
        834          1     -0.03597492789    0.0009570438267    -0.001239769439   -0.0001824740548   -0.0003135930514    0.0001006498922            38.2704             0.5095
        843          1      -0.0337270925    0.0008690788154   -5.612910412e-05     1.62461437e-05    -0.000268578059    0.0002085755372            38.2704             0.5095
        852          1     -0.03614738061    0.0008350840988     0.001260039938    0.0001444846779   -0.0002934971848     0.001182506384            38.2704             0.5095
        858          1     -0.03492081963    0.0009047979888    0.0004230521488    5.580456002e-05   -0.0002890136541    0.0002463142586            38.2704             0.5095
        870          1     -0.03495895101    0.0009190823894    -0.001649770919   -0.0002138546427   -0.0002954532713    0.0007760801201            38.2704             0.5095
        882          1     -0.03671466407     0.000872463269    -0.001936189579   -0.0002374503961    -0.000301400288    -0.001071383657            38.2704             0.5095
        891          1     -0.02496043426    0.0008245674879     0.002004045228    0.0002153927541    -0.000189910082    -0.001200282778            38.2704             0.5095
        896          1     -0.03333708403    0.0009593228709    -0.000492514803     -6.3166892e-05   -0.0002802401104    -0.002303213737            38.2704             0.5095
        900          1     -0.03549188987    0.0009672457795    -0.001423713925    -0.000184611837   -0.0003092812138   -0.0004324640824            38.2704             0.5095
        902          1     -0.03544471478    0.0009132769353     0.003685013017    0.0004323801863   -0.0002894853329    -0.003038653584            38.2704             0.5095
        903          1     -0.02883238223    0.0008506922359    0.0008308104907    0.0001271074172   -0.0002255403803     0.001204856827            38.2704             0.5095
        904          1     -0.03264243154    0.0008983927698     0.001366284837    0.0001693678752   -0.0002621652127   -0.0009069874633            38.2704             0.5095
        907          1     -0.03427459016    0.0008742526056    -0.001238398172   -0.0001286597198   -0.0002755659024    0.0002346334642            38.2704             0.5095
        909          1      -0.0353339716    0.0008894439348    0.0005074124182    7.944057102e-05   -0.0002918344434    0.0007538672587            38.2704             0.5095
        914          1     -0.03555504402    0.0009077288189    -0.002127564851   -0.0002828623467   -0.0002973114625   -5.040550106e-05            38.2704             0.5095
        921          1     -0.02836596787    0.0007369387382     0.001026592326     0.000120098779   -0.0001905207342    -0.000887619415            38.2704             0.5095
        926          1     -0.03480270027    0.0009036726518    -0.001874102366   -0.0002571013857   -0.0002872309224   -0.0003577786915            38.2704             0.5095
        947          1     -0.03263634645    0.0008886269812   -0.0001466667318   -5.368677561e-06   -0.0002625482341    0.0002089045066            38.2704             0.5095
        952          1     -0.03108973216    0.0008750790994    -0.001368268596    -0.000175469383   -0.0002451213846   -0.0001877973081            38.2704             0.5095
        958          1      -0.0311958614    0.0009002451863   -0.0001104300237   -3.282111952e-05   -0.0002508740471   -0.0007584834122            38.2704             0.5095
        969          1      -0.0313836388    0.0008395161478     0.002578067904    0.0002719343653   -0.0002351649555    -0.001752623022            38.2704             0.5095
        971          1     -0.03228460863    0.0008454018089    -0.001749588178   -0.0002292165716   -0.0002494480625   -3.567783329e-05            38.2704             0.5095
        974          1     -0.03067022067    0.0008294577475    -0.000704330286   -6.940989502e-05   -0.0002319252315    0.0006720879102            38.2704             0.5095
        977          1     -0.03529726797    0.0009022488886     0.003299327478    0.0003786313062   -0.0002862572138    -0.002582703549            38.2704             0.5095
        979          1     -0.03522991938    0.0008878730307   -0.0004733951234   -7.196017728e-05   -0.0002863140429   -0.0006335676076            38.2704             0.5095
        986          1     -0.03547635578    0.0008969326521    0.0005258586038    8.178982851e-05   -0.0002926735653    -3.13258236e-05            38.2704             0.5095
        995          1     -0.03053214699    0.0009419930505     0.001019304154    0.0001128642553   -0.0002617865929   -0.0002927457123            38.2704             0.5095
        997          1     -0.03406632504    0.0009222250022     0.001252968225    0.0001658103259    -0.000281627552   -0.0008807386851            38.2704             0.5095
