 1 -1 0.000325922 0.000220156 0.000168913 -6.75737e-05 0.00521233 -4.80709e-05 0 0.5095
 2 -1 -0.000100765 -0.00015596 -0.000244138 7.53811e-05 -0.0171857 0.00105887 0 0.5095
 3 -1 7.31887e-05 0.000312895 0.000750721 -0.000144736 0.018893 -0.00111863 0 0.5095
 4 -1 -0.000349844 0.000143573 -9.02968e-05 6.09399e-05 0.0213387 0.000192348 0 0.5095
 5 -1 0.000243422 0.00048765 0.000468448 3.10625e-05 0.0165983 0.000688113 0 0.5095
 6 -1 0.000438769 0.00053656 0.000160622 1.40307e-05 -0.0113123 -0.00075898 0 0.5095
 7 -1 -0.00161371 -3.26147e-05 -0.000383031 -0.000142997 -0.00443873 0.000132569 0 0.5095
 8 -1 0.000521691 -0.000229711 -0.000543559 2.96027e-05 0.0157112 0.000920668 0 0.5095
 9 -1 -0.00090774 0.000410081 0.000122895 4.21102e-05 0.0128986 -0.00153211 0 0.5095
 10 -1 0.000307241 -0.000292637 8.30282e-05 3.76678e-05 0.00676256 0.00173697 0 0.5095
 11 -1 -0.00047729 0.000248846 -0.000153876 -0.000159855 -0.00268887 -0.000288321 0 0.5095
 12 -1 0.000156406 0.000106661 0.000402518 0.000159075 -0.00610513 -0.00170621 0 0.5095
 13 -1 0.000978487 -8.75622e-05 0.000721942 -0.000157563 0.00299032 -0.00146906 0 0.5095
 14 -1 0.000266721 -0.000172216 0.000124948 -7.94888e-05 -0.00538407 -5.40116e-05 0 0.5095
 15 -1 5.79672e-05 -0.000664651 0.000396274 8.0699e-05 0.00356299 -0.000542046 0 0.5095
 16 -1 -0.000666676 0.000478679 0.000178968 -2.57069e-05 0.0112395 -0.00136318 0 0.5095
 17 -1 -9.42426e-05 -0.000128962 -0.000224098 5.01301e-05 0.0113808 -4.14147e-05 0 0.5095
 18 -1 -0.000981529 0.000148452 0.00023387 -3.26154e-05 0.000893529 0.00073512 0 0.5095
 19 -1 -0.00104721 0.00039353 0.000327363 6.51612e-05 -0.0109553 -0.000427221 0 0.5095
 20 -1 -3.26657e-05 -0.000551629 0.00025382 9.59174e-05 0.00722113 -0.00057511 0 0.5095
 21 -1 -0.00121647 0.000142338 -0.000511189 6.19623e-05 0.0116908 -0.00142096 0 0.5095
 22 -1 1.69486e-05 -0.000316031 0.000170219 3.61054e-05 0.0193842 -0.00100509 0 0.5095
 23 -1 0.000273104 0.000108064 -2.48746e-07 -5.39042e-05 0.0111997 -0.00134315 0 0.5095
 24 -1 0.000337727 -3.5116e-05 -0.00022551 4.63238e-05 0.0174787 -0.000414622 0 0.5095
 25 -1 0.00142143 -0.000771994 -0.000320779 -6.09193e-06 0.0297113 0.000905331 0 0.5095
 26 -1 0.0011349 5.88422e-05 7.61939e-05 0.00017284 -0.0103107 -0.00150588 0 0.5095
 27 -1 -0.000536129 0.000388413 0.000143469 -9.17082e-05 0.0241647 0.000184858 0 0.5095
 28 -1 -0.00102454 0.000320907 0.000346161 -9.5821e-05 0.0189345 -0.000385588 0 0.5095
 29 -1 0.0015781 -0.000596088 0.000310977 -1.68511e-05 0.008997 0.000709894 0 0.5095
 30 -1 -0.000623349 0.000567632 -0.00050576 0.000129001 -0.00756765 0.00123143 0 0.5095
 31 -1 0.00085537 -0.000586485 0.000188272 6.36221e-05 -0.0169142 0.000247927 0 0.5095
 32 -1 0.000483676 0.000161677 -0.000605587 0.000149567 0.0045954 0.00115963 0 0.5095
 33 -1 -0.001798 0.000857984 0.000594164 -0.000101243 0.0153236 -0.000166541 0 0.5095
 34 -1 -0.000729247 0.000550721 0.000208382 7.88498e-05 0.0222304 0.000503462 0 0.5095
 35 -1 0.000749413 -0.00026273 -0.000376306 9.40605e-05 0.0042359 -0.000280344 0 0.5095
 36 -1 0.000502749 -7.69969e-05 -0.000483271 0.000155956 0.0023491 0.000245385 0 0.5095
 37 -1 0.000377419 -0.000384039 0.000550585 -6.86012e-05 0.00355314 -0.000616957 0 0.5095
 38 -1 -0.000740847 0.000601694 -8.61174e-05 0.00015665 0.0139037 -0.000822824 0 0.5095
 39 -1 0.00186128 -0.000456598 7.90781e-05 4.98812e-05 -0.0311471 9.56098e-05 0 0.5095
 40 -1 -0.00192935 0.000677098 0.000847481 -0.000135245 0.0134057 -0.00168026 0 0.5095
 41 -1 0.000812121 -0.0010951 -0.000450575 3.77951e-06 0.00629363 -9.98088e-05 0 0.5095
 42 -1 -0.00087755 0.000323006 0.000238254 9.74327e-05 -0.00580048 -0.00073517 0 0.5095
 43 -1 0.000291637 6.22542e-05 0.000298568 -2.25049e-05 0.00859063 0.000410435 0 0.5095
 44 -1 0.000199323 0.00026819 -0.000124447 5.50979e-05 0.00190032 0.00039818 0 0.5095
 45 -1 -0.000270526 -3.74748e-05 3.27944e-05 1.69132e-05 0.00605676 -0.00162516 0 0.5095
 46 -1 3.60159e-05 7.61358e-05 -0.000126859 4.70391e-05 0.0187371 -4.02722e-05 0 0.5095
 47 -1 0.000363139 -0.000440905 -0.000260235 0.000137571 -0.00571685 -0.000698557 0 0.5095
 48 -1 -0.000130428 0.00026833 -1.28325e-05 -7.75559e-06 0.00293253 0.00111324 0 0.5095
 49 -1 -6.64699e-05 -0.000234551 0.000358463 -2.08947e-05 -0.00359892 -0.00277861 0 0.5095
 50 -1 0.000108355 -0.00029621 -0.000755581 3.65683e-06 0.00993883 0.000285598 0 0.5095
 51 -1 0.000301656 0.000488575 -0.000114694 -0.000114637 -0.011738 -6.42608e-05 0 0.5095
 52 -1 -0.000842555 0.000331701 0.000775036 -4.66635e-05 0.0132922 -0.000869213 0 0.5095
 53 -1 9.13908e-05 -0.000188907 -0.000214851 8.34492e-06 0.00090757 -0.000219463 0 0.5095
 54 -1 -0.00114196 0.000548473 -4.5344e-05 -2.5306e-05 0.00546172 2.62346e-05 0 0.5095
 55 -1 -1.71657e-05 -0.000151931 -0.00020668 -1.33639e-05 -0.00111152 0.000370186 0 0.5095
 56 -1 0.000689553 -0.000502102 -0.000279023 0.000108003 -0.00449835 0.000160355 0 0.5095
 57 -1 -0.000481025 3.34997e-05 -0.00036343 8.84495e-06 -0.00838224 0.000166095 0 0.5095
 58 -1 0.00149545 -9.82423e-05 0.000638395 -8.81896e-05 0.00210921 1.20653e-05 0 0.5095
 59 -1 0.000572622 -0.000384784 0.00017646 -7.82011e-05 -0.0114069 -5.04878e-05 0 0.5095
 60 -1 0.00012058 -6.17342e-05 0.00052744 -6.53106e-06 0.0127612 -0.00179273 0 0.5095
 61 -1 -0.0001179 -0.000590003 0.000284504 7.39794e-05 -0.00797074 -0.00116124 0 0.5095
 62 -1 -3.89535e-05 -0.000240801 -0.000423421 -0.00019695 -0.00532117 -0.000485839 0 0.5095
 63 -1 0.000952743 -0.000268496 0.00026711 -8.5665e-05 -0.00412259 -0.000335308 0 0.5095
 64 -1 -0.00371659 0.000871228 2.03454e-05 0.000100789 0.00759919 -0.00182766 0 0.5095
 65 -1 0.0013844 -0.000386952 0.00061667 -0.000108802 0.0102736 -0.001523 0 0.5095
 66 -1 -0.000969663 -7.6376e-06 1.979e-05 -0.000162252 -0.0138319 -0.000292696 0 0.5095
 67 -1 -3.46738e-05 0.000293011 0.000756903 -7.72339e-05 0.000178477 -0.00133393 0 0.5095
 68 -1 -0.000787658 0.000476891 -0.000385992 0.000149033 0.0312786 0.000209762 0 0.5095
 69 -1 -0.000692786 5.92983e-06 -0.000496719 7.13444e-05 0.00309764 -0.00010529 0 0.5095
 70 -1 0.00101119 -0.000446217 0.000202291 2.54164e-06 -0.0191971 -0.00123202 0 0.5095
 71 -1 -0.00151605 1.3722e-05 0.000320753 5.42835e-05 -0.0105321 0.000787664 0 0.5095
 72 -1 -0.000816968 0.000584821 -0.000103232 -4.5011e-05 -0.00187859 0.000771717 0 0.5095
 73 -1 -0.0023451 0.000655805 0.000297579 3.70513e-05 -0.0228729 0.000715738 0 0.5095
 74 -1 0.00188817 -0.000952651 -0.000390493 0.000105626 -0.0193523 0.000975717 0 0.5095
 75 -1 0.00165918 -0.000636406 0.000607858 -7.19913e-05 0.0300421 -0.00217082 0 0.5095
 76 -1 -1.10296e-05 0.000553659 -9.53787e-05 -5.4641e-05 -0.0212952 0.00102981 0 0.5095
 77 -1 -0.000938906 0.000288635 0.000445086 -6.72322e-05 0.000223879 -0.000316614 0 0.5095
 78 -1 -0.00052789 -0.000117893 -0.000192001 7.26694e-05 -0.0189676 -0.00130556 0 0.5095
 79 -1 -0.000382044 -0.000206524 -5.64778e-05 -4.51838e-06 0.00911612 -0.00102989 0 0.5095
 80 -1 -0.00030501 0.000615674 -0.000422932 0.000251462 -0.00792028 0.000604771 0 0.5095
 81 -1 -0.00109165 4.74841e-05 -0.000643436 0.000166329 0.00158368 -0.000605863 0 0.5095
 82 -1 -0.00120471 -0.00016873 0.000307809 7.87789e-05 -0.016896 -0.00201592 0 0.5095
 83 -1 -0.00156921 0.000969932 0.000313142 3.47542e-05 0.00223145 -0.000612318 0 0.5095
 84 -1 -0.000591095 -0.000154997 4.43842e-05 0.000158651 -0.00221841 -0.000625096 0 0.5095
 85 -1 -0.00129554 0.00109543 -0.000234124 8.89086e-05 0.0189955 -0.00114258 0 0.5095
 86 -1 -0.000728787 0.000675294 0.00011995 8.29681e-05 0.00480656 -0.00113692 0 0.5095
 87 -1 0.00138778 -0.000717966 0.000208742 -3.20033e-06 0.00454818 8.31136e-05 0 0.5095
 88 -1 -0.000225048 4.05938e-05 -5.05288e-05 -3.15172e-06 -0.0053961 0.000272561 0 0.5095
 89 -1 0.000427743 0.000397876 -0.000552387 9.41855e-05 0.0121362 6.09901e-05 0 0.5095
 90 -1 -0.00114301 0.000893733 -0.000393702 4.53856e-05 0.00318342 0.00362803 0 0.5095
 91 -1 3.95846e-05 -0.000580418 0.000395592 7.56258e-06 -0.0214395 -0.00204236 0 0.5095
 92 -1 0.000408629 -0.000223155 0.000178907 -7.04463e-05 -0.00817626 -0.000735027 0 0.5095
 93 -1 -0.000378143 -0.000343318 9.08634e-05 -9.40902e-05 0.0239192 -0.000778995 0 0.5095
 94 -1 -0.000714896 0.000611943 0.000107438 -0.000163518 -0.00769631 0.00282336 0 0.5095
 95 -1 -0.0010056 0.000606277 8.257e-05 6.57149e-05 0.00153672 -0.00107591 0 0.5095
 96 -1 0.000959373 -0.000266516 0.000511304 -1.61884e-05 0.00767917 -4.8991e-05 0 0.5095
 97 -1 -5.94504e-05 0.000499782 0.000427635 -0.000114567 -0.0123915 -0.000951545 0 0.5095
 98 -1 0.00132226 -0.000299277 0.000469052 -6.19656e-05 0.000895651 -0.000394381 0 0.5095
 99 -1 0.000312761 -0.000553079 0.000538304 -8.96412e-05 0.0169603 -0.00141913 0 0.5095
 100 -1 -0.000123198 0.000121795 -0.000526381 -8.82013e-05 0.0235696 0.00042454 0 0.5095
 101 -1 -0.000816889 4.62258e-05 -6.83975e-05 0.000126874 0.0291541 -0.000644665 0 0.5095
 102 -1 1.20384e-05 -0.000642211 7.06713e-05 2.24047e-06 -0.00340795 5.90388e-05 0 0.5095
 103 -1 0.000704605 -0.000512615 0.000327641 -7.84723e-05 -0.00432907 -0.000728661 0 0.5095
 104 -1 -0.000855801 9.47686e-05 0.000316116 7.31602e-06 -0.0085989 0.000945308 0 0.5095
 105 -1 -0.00158164 0.000767471 0.000237705 -0.000158885 0.00389655 0.000242474 0 0.5095
 106 -1 0.000571384 0.00023944 8.05089e-05 -3.46479e-06 -0.0132484 0.000122303 0 0.5095
 107 -1 -0.00122824 0.000257558 -0.000363016 -1.83719e-05 0.0138079 0.0014392 0 0.5095
 108 -1 0.000509774 -0.000297296 -0.000463231 7.70092e-05 -0.00171089 0.000240544 0 0.5095
 109 -1 0.000566901 -5.49886e-05 -0.000292197 5.3048e-05 0.0226876 0.00101211 0 0.5095
 110 -1 0.000168228 0.000686185 1.66843e-05 6.60214e-05 -0.00713972 -0.000528552 0 0.5095
 111 -1 0.000358959 -0.000212522 -0.000362547 3.85114e-05 -0.00401311 0.000136267 0 0.5095
 112 -1 0.000319322 0.000238894 0.000114672 -6.24546e-06 0.00147618 -0.000694489 0 0.5095
 113 -1 -0.000751036 -0.000262853 0.000309511 -7.29224e-05 0.0203965 -0.00019314 0 0.5095
 114 -1 -0.0013701 0.000111135 0.000246728 -1.43095e-05 -0.00494268 0.000170661 0 0.5095
 115 -1 0.000669914 0.000208202 0.000312659 -4.33691e-05 -0.0172295 -0.000400225 0 0.5095
 116 -1 -0.000630877 -0.000278917 0.000480008 -9.53689e-05 -0.0016378 -0.000216116 0 0.5095
 117 -1 -0.000497794 0.000225563 0.000524421 -0.000196054 -0.00143197 -3.7221e-05 0 0.5095
 118 -1 -0.000423623 0.000138231 -0.000150038 -4.9491e-05 -0.0016236 -0.000592127 0 0.5095
 119 -1 0.000161007 0.000224868 0.000296135 0.000102377 0.0124631 0.000849162 0 0.5095
 120 -1 -7.45067e-05 -0.000102639 -0.000311649 0.000107592 0.0161191 -0.000238476 0 0.5095
 121 -1 0.000702127 -3.67992e-05 -0.000548453 0.000155689 0.0268107 0.000791542 0 0.5095
 122 -1 0.00194403 -0.000870832 -0.000259065 4.47198e-05 0.00153475 0.00191672 0 0.5095
 123 -1 0.00042777 -0.000440881 0.000156859 0.000136799 0.0287199 -0.000191172 0 0.5095
 124 -1 -8.74187e-05 1.79953e-05 8.49593e-05 4.20924e-06 0.00424603 0.000486328 0 0.5095
 125 -1 -0.000489551 9.56547e-05 0.000189933 -3.26335e-05 -0.0162382 0.000271712 0 0.5095
 126 -1 0.000237602 -0.000347469 -0.000138014 1.49077e-05 0.0089628 -0.000924791 0 0.5095
 127 -1 0.000128322 -0.000128975 0.000511414 -2.11806e-05 0.00602639 0.00119729 0 0.5095
 128 -1 0.00129537 -0.000390334 0.000193492 2.1247e-05 -0.0137154 -0.000144621 0 0.5095
 129 -1 -5.12013e-05 -0.000488946 -0.000830326 -0.0001276 -0.00334715 0.00293958 0 0.5095
 130 -1 -0.000404602 0.00051782 -7.99046e-05 7.29185e-05 -0.015158 -0.000909714 0 0.5095
 131 -1 -0.000517274 0.000174091 -2.85593e-05 0.000176048 -0.00560987 0.000471607 0 0.5095
 132 -1 0.00200355 -0.000663146 -0.00059708 0.000116011 -0.0152515 0.000794243 0 0.5095
 133 -1 -0.000718731 0.000164746 -0.000400713 -2.72075e-05 -0.0143575 0.000543005 0 0.5095
 134 -1 0.000409083 -0.000100513 -0.000419534 0.0001035 -0.0208066 0.000450513 0 0.5095
 135 -1 0.00165904 -0.000571638 0.00011614 7.94693e-05 -0.00340174 0.000555423 0 0.5095
 136 -1 -5.62825e-05 1.24887e-05 0.000444875 -9.88969e-06 -0.0106963 -0.000661195 0 0.5095
 137 -1 0.002158 -0.000407827 0.000241165 -0.000208651 -0.0285545 0.000813215 0 0.5095
 138 -1 -0.00184773 0.000952681 0.000323278 1.90384e-05 0.0227438 -0.000203149 0 0.5095
 139 -1 -0.0010146 0.000269069 0.000189859 -4.15382e-05 0.0152316 -0.000444369 0 0.5095
 140 -1 -0.000700704 0.000356466 0.000290881 -7.70191e-05 -0.0132446 -0.0012155 0 0.5095
 141 -1 0.00192423 -0.000645933 5.19015e-05 0.000113429 -0.00100028 0.00136498 0 0.5095
 142 -1 -9.38988e-05 0.000218621 0.00057833 -7.82051e-05 -0.00284113 -4.94953e-05 0 0.5095
 143 -1 0.000397035 4.51261e-05 -0.000354185 0.000114287 0.0173852 0.00023184 0 0.5095
 144 -1 -0.000292295 -3.60076e-05 -4.5951e-05 3.24561e-05 -0.0109736 -0.00104104 0 0.5095
 145 -1 -0.00169228 0.000364789 7.90956e-05 1.08773e-05 0.00556 -0.00195656 0 0.5095
 146 -1 -0.000135736 0.000363051 -0.000289398 0.000100671 0.00567908 0.000751672 0 0.5095
 147 -1 -0.00134348 0.000826141 0.000151951 0.000201767 0.00533656 -0.00100196 0 0.5095
 148 -1 -0.00132009 0.000127461 0.000111282 6.35085e-07 0.00429503 -0.000731519 0 0.5095
 149 -1 -0.00170009 -1.08577e-05 0.00066636 -8.99157e-05 -0.0199138 -0.000963685 0 0.5095
 150 -1 0.000484052 -0.00013072 -0.000210268 0.000125731 0.00152303 0.00061372 0 0.5095
 151 -1 0.00079362 -0.000224726 -0.000313724 -4.72892e-05 0.00356049 -0.000727735 0 0.5095
 152 -1 -0.000830608 0.000268464 -0.000163157 5.14283e-05 0.0101887 0.000935642 0 0.5095
 153 -1 0.000316775 0.000220737 -0.000269925 6.61047e-05 0.0122992 -0.000982974 0 0.5095
 154 -1 0.000984494 -0.000214184 -4.27635e-05 -0.00014219 -0.0155546 0.000347733 0 0.5095
 155 -1 0.000253719 -0.000226134 0.000224232 -0.000113759 0.00442114 -0.000412332 0 0.5095
 156 -1 0.000991917 -0.000195466 -0.000111163 6.11492e-05 0.00129173 -0.000521863 0 0.5095
 157 -1 0.00160525 -0.000427158 -0.000324531 -3.58118e-05 -0.000478133 0.000642654 0 0.5095
 158 -1 -0.000637461 0.000331184 -1.86963e-05 0.000128671 -0.00701568 -0.000912542 0 0.5095
 159 -1 -9.52394e-05 6.7221e-05 -0.000349065 -0.000180035 -0.00479104 0.00122807 0 0.5095
 160 -1 0.0012104 -0.000441361 -0.000224279 -1.04529e-05 0.00506189 3.709e-05 0 0.5095
 161 -1 -0.000457622 -1.38133e-05 0.000255637 0.000181206 0.00311158 -0.00122456 0 0.5095
 162 -1 -0.000690057 -0.000153134 8.85933e-05 3.75519e-05 0.00917174 0.000418513 0 0.5095
 163 -1 0.00045763 -0.000121877 -0.000132736 0.000152707 0.00917711 0.000575383 0 0.5095
 164 -1 -0.000315944 -0.000339564 0.00056212 -2.94189e-05 -0.00485009 -0.000471968 0 0.5095
 165 -1 0.00104141 -0.000335532 -0.000277819 -0.000118397 -0.014954 0.000197962 0 0.5095
 166 -1 -0.000250672 0.000218585 -0.000329981 8.57978e-05 -0.00779703 -0.00240505 0 0.5095
 167 -1 0.00058133 3.88045e-05 0.000651662 -3.07077e-05 0.00593042 -0.00223121 0 0.5095
 168 -1 -5.69512e-05 0.000222659 0.000226304 -1.70348e-05 0.0107853 -0.000678522 0 0.5095
 169 -1 -0.00120392 0.000671795 0.000134698 -2.92993e-05 -0.0170726 -0.000116591 0 0.5095
 170 -1 0.0014527 6.44087e-05 -0.000567204 4.78983e-05 0.00423015 -0.000747692 0 0.5095
 171 -1 0.000509364 -7.19793e-05 0.000303379 -0.000110302 0.0276608 8.58292e-05 0 0.5095
 172 -1 4.85288e-05 0.000254785 -3.37203e-05 -6.13561e-05 0.00226182 0.000239035 0 0.5095
 173 -1 0.000474632 -3.87378e-05 0.000131535 -3.79237e-05 0.00413343 -0.00117117 0 0.5095
 174 -1 0.000786771 -0.000367496 -0.000332026 4.03264e-05 -0.00749692 -0.00250071 0 0.5095
 175 -1 8.24965e-05 0.000373474 0.000268279 1.75669e-05 -0.0249884 -0.0016885 0 0.5095
 176 -1 -0.000798678 7.629e-05 -3.98248e-05 9.58803e-05 -0.0167983 -0.0015645 0 0.5095
 177 -1 -0.00154579 0.000115082 -1.27958e-05 -1.98811e-05 0.009839 0.000375036 0 0.5095
 178 -1 -0.000264139 0.000808511 -0.00013436 7.82544e-05 -0.0146954 0.000223061 0 0.5095
 179 -1 -0.00118523 0.000331377 0.000321144 2.35254e-05 0.0144334 -0.000806827 0 0.5095
 180 -1 -0.000829373 0.000557939 0.000139502 5.5316e-05 0.0212918 -0.000511485 0 0.5095
 181 -1 0.000558883 -0.000666292 0.000467569 -8.98584e-05 -0.0214677 0.000730458 0 0.5095
 182 -1 0.00054242 -0.000522569 0.000104614 7.38413e-05 -0.00342144 -0.00095777 0 0.5095
 183 -1 -0.000959112 0.000275533 0.000227821 0.000108916 0.00614436 7.0711e-05 0 0.5095
 184 -1 0.00151883 -0.00128314 -0.000289001 5.17129e-05 -0.0161912 0.00284891 0 0.5095
 185 -1 0.000370053 -0.000198329 0.000135952 0.000120024 -0.0106222 0.000356084 0 0.5095
 186 -1 -0.000212459 -0.000747799 0.000714194 -6.26889e-05 0.0156013 0.000118224 0 0.5095
 187 -1 -0.0028553 0.0010899 0.000378238 -0.000126637 -0.00743419 -0.000444593 0 0.5095
 188 -1 -0.000945856 0.000285313 -7.20361e-05 -0.000174804 0.0149798 1.2865e-05 0 0.5095
 189 -1 -0.00106776 0.000267805 -0.000200311 4.01554e-05 0.00258566 -0.000890439 0 0.5095
 190 -1 -0.000909062 0.000377079 4.08693e-05 5.95651e-06 0.000792477 0.00117766 0 0.5095
 191 -1 -0.000556347 3.31177e-05 0.000154692 6.43676e-05 -0.0360099 -0.00263263 0 0.5095
 192 -1 0.000210463 9.22598e-05 0.000314145 9.06207e-05 0.0241487 0.000261238 0 0.5095
 193 -1 9.27708e-05 -0.000587231 4.45283e-05 0.000108917 -0.016405 -0.00100065 0 0.5095
 194 -1 -0.00130772 0.000408546 0.000182379 -6.53532e-05 -0.0198933 -0.00244811 0 0.5095
 195 -1 0.000843802 0.000550867 0.000530658 -1.46612e-05 0.00772053 -0.000194236 0 0.5095
 196 -1 -0.00106202 0.000892771 0.000462304 -0.000140391 -0.0121814 -0.00124006 0 0.5095
 197 -1 0.00146631 -0.00129815 7.78898e-05 -8.35115e-05 -0.00661128 0.000286581 0 0.5095
 198 -1 0.000615376 -7.18243e-05 -1.8255e-05 -5.32037e-05 -0.00255215 0.000672469 0 0.5095
 199 -1 -5.90176e-05 -0.000298732 -0.000182113 -6.6349e-06 0.0255271 5.69433e-05 0 0.5095
 200 -1 0.00014256 8.40018e-06 -3.83864e-05 6.54702e-05 0.00442827 0.000282118 0 0.5095
 201 -1 0.000580401 -0.000117372 -0.000225201 -5.53479e-05 -0.0243657 0.000825401 0 0.5095
 202 -1 -0.00100053 0.000188948 0.000694247 -5.57212e-05 -0.0202018 -0.00144482 0 0.5095
 203 -1 -0.000498484 0.000321741 -8.01459e-05 2.56483e-05 -0.00106042 0.000336066 0 0.5095
 204 -1 0.000818585 0.000185956 0.000182371 -7.55012e-05 0.0108947 0.0013894 0 0.5095
 205 -1 -0.000340287 0.000195302 0.000481552 -9.03268e-05 0.00123008 -0.000172575 0 0.5095
 206 -1 0.000728616 -0.00040328 -0.000336254 4.34783e-05 -0.0104161 -0.000632757 0 0.5095
 207 -1 0.000426496 -0.000886081 7.43652e-05 -8.57331e-05 -0.0040631 0.00103501 0 0.5095
 208 -1 0.00123293 -0.000220964 -0.000198195 -4.26799e-05 -0.00188967 0.000974591 0 0.5095
 209 -1 0.00130115 -0.000117529 -0.000186657 6.49523e-05 0.00399812 0.00114028 0 0.5095
 210 -1 -0.000209256 -5.7263e-05 -0.000483707 -0.000108446 0.00413472 -0.000760835 0 0.5095
 211 -1 -0.00148582 0.000328543 -0.000589385 0.000126426 -0.00882778 0.000169328 0 0.5095
 212 -1 0.00206167 -0.000387732 7.95126e-05 6.21595e-05 -0.00377947 0.000316061 0 0.5095
 213 -1 -0.000861078 0.000248822 -0.00016431 2.45209e-05 0.00115281 -0.000713763 0 0.5095
 214 -1 0.00138716 -0.000351566 0.00011992 -4.83035e-06 0.00206647 -0.000377814 0 0.5095
 215 -1 0.000992274 -0.000639667 -8.7426e-05 0.000154827 0.00688104 -0.000216941 0 0.5095
 216 -1 0.00115013 -0.000335562 -0.000860822 0.00020472 -0.00461109 0.000873759 0 0.5095
 217 -1 0.000525457 -0.000254941 0.000133048 -5.60862e-05 -0.0146916 0.000570063 0 0.5095
 218 -1 -0.000303362 0.000618578 -6.41736e-05 0.000118303 0.0114294 0.00208915 0 0.5095
 219 -1 -0.000979644 -9.03059e-05 -0.000162208 3.08931e-05 -0.00820384 -0.00102955 0 0.5095
 220 -1 -0.000537543 0.000709484 0.000211402 -0.000149409 -0.0107319 0.000181352 0 0.5095
 221 -1 0.00137068 0.000190001 -0.000225375 6.36801e-05 0.0178926 0.00128989 0 0.5095
 222 -1 0.000643126 -5.4063e-05 0.000102871 6.94034e-05 -0.00207164 -0.000965038 0 0.5095
 223 -1 -0.000962249 9.94533e-05 -0.000122249 0.000153596 0.00579744 -0.000715385 0 0.5095
 224 -1 -0.000918547 0.000151992 -0.000388369 -5.76476e-06 0.0148424 0.000978799 0 0.5095
 225 -1 0.0019171 -0.000400361 -4.54582e-05 5.45626e-05 0.00227728 0.000860677 0 0.5095
 226 -1 -0.000254899 0.000171845 0.000170737 -7.47639e-05 -0.00198402 0.00144172 0 0.5095
 227 -1 -0.000401391 2.05771e-06 0.000132597 -2.53344e-05 -0.00837069 0.000525325 0 0.5095
 228 -1 -0.00197232 0.000303495 -0.000585831 0.000117958 -0.00837243 -0.000445331 0 0.5095
 229 -1 -0.00103781 0.000410526 0.000296775 -0.000145782 -0.00228335 0.00144156 0 0.5095
 230 -1 0.00131772 -4.34989e-05 -4.88948e-05 1.66931e-06 0.0014095 0.00127491 0 0.5095
 231 -1 -4.37811e-05 3.11342e-05 0.000178734 -2.05154e-05 0.0166907 -0.00083839 0 0.5095
 232 -1 -0.000402781 3.21024e-06 0.000349883 -4.76257e-05 0.00661864 0.000227813 0 0.5095
 233 -1 -0.00136521 0.000217445 0.000238914 -0.000197628 0.0164834 -0.00169873 0 0.5095
 234 -1 -0.000751589 -0.000316881 0.000119316 -2.2095e-05 -0.00786111 -0.000585693 0 0.5095
 235 -1 0.00147252 -0.000634811 -0.00018357 9.53663e-05 -0.00304143 0.00164839 0 0.5095
 236 -1 0.000802132 -8.60446e-05 -0.000219926 0.000120065 -0.00200447 -0.000222127 0 0.5095
 237 -1 0.000407843 0.000326103 -0.000140738 -2.08418e-05 0.0101076 0.000193416 0 0.5095
 238 -1 0.00158986 -0.000410292 -0.000344925 0.000164207 -0.0138467 0.00108875 0 0.5095
 239 -1 0.000490117 0.000164379 0.000661126 -0.00010512 -0.00351991 -0.000171242 0 0.5095
 240 -1 5.33226e-05 -0.000630876 -0.000556286 4.77698e-05 0.00235661 -0.00102411 0 0.5095
 241 -1 0.00170957 -4.10078e-05 -0.000812539 -5.73812e-05 -0.0170797 0.00224078 0 0.5095
 242 -1 0.000762937 -0.000694782 0.000252727 7.6322e-05 0.0134897 -0.000710086 0 0.5095
 243 -1 -0.000869609 0.00025984 -0.00045459 0.000100624 0.0202341 0.000379345 0 0.5095
 244 -1 0.00115785 -0.000541407 -7.10527e-05 5.16666e-05 -0.0119573 0.000805361 0 0.5095
 245 -1 -0.00158692 0.000256284 6.34846e-05 0.000184317 0.0111666 0.000286079 0 0.5095
 246 -1 -9.199e-05 -0.000450153 0.000204088 -6.10969e-05 -0.00906945 -0.000151454 0 0.5095
 247 -1 -0.00111548 0.00102656 -0.00033264 -7.28828e-05 0.0155905 0.000187625 0 0.5095
 248 -1 -0.00137709 0.000765056 -5.1091e-05 -2.12088e-05 -0.00558832 -0.000430089 0 0.5095
 249 -1 -0.000446009 0.000107242 0.00030782 -3.4129e-06 0.0112314 -5.92946e-05 0 0.5095
 250 -1 0.000388608 5.05338e-05 0.000180613 -7.84842e-05 -0.0140696 -0.00162849 0 0.5095
 251 -1 0.00113144 -0.00059359 0.000415799 -5.20137e-05 -0.00894253 0.000359892 0 0.5095
 252 -1 -0.000311539 -7.68789e-05 -9.15422e-05 0.000169294 -0.0142455 -0.000506771 0 0.5095
 253 -1 -0.00137928 0.000872155 -0.000396825 5.39042e-05 -0.0173778 -0.00133974 0 0.5095
 254 -1 -0.00109539 0.000526749 5.14406e-05 -0.000159393 -0.00431326 0.00151317 0 0.5095
 255 -1 -0.000146653 -0.000336478 0.000234246 -4.31073e-05 -0.0142259 -0.00146202 0 0.5095
 256 -1 -0.000789728 -3.11613e-05 -0.000195455 -1.35682e-05 0.00147256 0.00099161 0 0.5095
 257 -1 -0.000216391 0.000295884 -0.000667525 -3.64636e-05 -0.0284661 0.00178926 0 0.5095
 258 -1 0.000641002 -0.000237957 7.05272e-05 3.01505e-05 4.70952e-05 0.00114426 0 0.5095
 259 -1 0.000795521 5.86448e-05 0.000691786 -6.42651e-05 0.00906215 0.000438197 0 0.5095
 260 -1 0.000721637 0.000647365 0.000126532 -0.000150988 -0.0143354 0.000872272 0 0.5095
 261 -1 0.00260033 -0.000390298 -0.000180884 -1.91437e-05 0.0125005 0.000966039 0 0.5095
 262 -1 0.000131578 0.000207102 0.00023186 0.000192602 -0.00306122 -0.00129536 0 0.5095
 263 -1 0.000749213 -5.60088e-05 -0.000913718 0.000117931 -0.00685888 0.00260767 0 0.5095
 264 -1 0.000248287 -0.000124075 -0.000598104 6.67507e-05 -0.0324791 0.00259481 0 0.5095
 265 -1 -0.00121169 6.27857e-05 -1.79856e-06 0.000121919 -0.00160812 -0.00149832 0 0.5095
 266 -1 -0.00087466 0.000174765 -0.000299062 5.83682e-05 -0.0190356 -0.00106265 0 0.5095
 267 -1 -0.000442699 0.000152911 0.000228831 -7.56831e-05 0.00694802 -0.000415 0 0.5095
 268 -1 0.00138227 -0.000561785 9.7457e-05 -8.152e-05 0.00826736 -0.000216521 0 0.5095
 269 -1 -0.000935545 0.000534666 0.000456078 -0.00020496 0.00284513 0.000139226 0 0.5095
 270 -1 0.00133952 -0.000601284 -0.000146784 -6.00342e-05 -0.00814286 0.000229769 0 0.5095
 271 -1 0.000622902 -0.000205578 -0.000462461 6.38086e-05 -0.00263989 0.000345733 0 0.5095
 272 -1 -0.0017601 0.000362808 0.000391061 -1.8579e-05 0.00932469 -0.00132493 0 0.5095
 273 -1 0.000593045 -0.000114038 0.000387385 -7.17633e-05 0.0168509 0.000131607 0 0.5095
 274 -1 1.41718e-05 -2.93245e-05 -0.000328262 9.22365e-05 -0.00964687 0.000432266 0 0.5095
 275 -1 0.000122739 0.000219773 -0.000825597 9.39803e-05 0.00380424 0.000304056 0 0.5095
 276 -1 0.000192391 -0.000187213 -7.78756e-05 -0.000159503 -0.0205205 0.000745168 0 0.5095
 277 -1 -0.00238553 0.000858341 0.000273543 7.07414e-05 0.00663099 -0.0021189 0 0.5095
 278 -1 0.00162465 -0.000508288 -0.000565704 5.38276e-05 0.0172602 0.000761711 0 0.5095
 279 -1 0.00163184 -0.000575768 0.000244254 1.14218e-05 -0.00197875 -0.000635069 0 0.5095
 280 -1 -0.00155387 0.000564449 0.000141765 -9.09392e-06 -0.0131629 -0.000699113 0 0.5095
 281 -1 -0.000848774 0.00023934 1.86002e-05 -1.12849e-05 0.0107976 0.00065965 0 0.5095
 282 -1 -0.000618757 0.00073802 -0.000176526 -8.45873e-05 0.00357555 0.00140718 0 0.5095
 283 -1 -0.00151833 0.00111266 -8.49196e-05 -1.21933e-05 -0.0152191 -1.72365e-06 0 0.5095
 284 -1 0.000223087 0.000351503 -0.00041994 1.25665e-05 -0.00694436 -0.000455657 0 0.5095
 285 -1 -0.000695359 0.00039043 -0.000362637 -1.65312e-05 -0.00589789 -0.00016142 0 0.5095
 286 -1 0.000261697 -8.52892e-05 0.000626493 -8.97455e-05 -0.00991356 -0.00130632 0 0.5095
 287 -1 -0.000225585 0.000236228 -0.000563052 6.15052e-05 0.0107999 0.00158844 0 0.5095
 288 -1 0.00110774 -0.000330317 -0.000178485 4.45988e-05 0.00536883 -0.000482225 0 0.5095
 289 -1 -0.000898693 0.000565487 -0.000191392 -0.00014214 0.00733045 -1.47555e-05 0 0.5095
 290 -1 -0.000432028 1.31619e-05 0.000209955 -2.06289e-05 -0.0173498 -0.00232987 0 0.5095
 291 -1 0.00173977 -0.000393071 0.000286258 3.51998e-05 0.0186794 0.000793557 0 0.5095
 292 -1 0.000479576 -0.000336145 -0.00026145 3.5457e-05 0.0241464 -0.000406789 0 0.5095
 293 -1 -0.000335224 0.000324438 0.000288584 1.86869e-05 0.00089711 -0.00123272 0 0.5095
 294 -1 -0.000351646 -0.000102937 7.34589e-05 2.72404e-05 -0.000704291 -0.00260266 0 0.5095
 295 -1 0.000663075 -0.000541089 0.000483494 -9.14887e-05 0.0194006 0.000356974 0 0.5095
 296 -1 -0.000342955 0.00031118 -0.000124934 3.23716e-07 0.0108068 0.0025774 0 0.5095
 297 -1 -0.000790101 0.000340304 -0.000394026 0.000113917 0.00257592 0.000836728 0 0.5095
 298 -1 -0.00137408 0.000188685 0.000595652 -0.000238866 0.00383904 -0.00195268 0 0.5095
 299 -1 -0.000755185 0.000709339 -0.000817207 7.72978e-05 0.00294077 0.000950522 0 0.5095
 300 -1 0.000634457 -0.000205071 -6.44914e-05 -0.000135553 0.01296 0.00193936 0 0.5095
 301 -1 -0.00138813 0.00107109 0.000357782 -0.000123425 0.00620313 0.000669656 0 0.5095
 302 -1 -0.000101791 0.000356391 0.00035236 6.49288e-05 -0.00148242 0.000829931 0 0.5095
 303 -1 -0.000723766 0.000552293 0.000155718 -0.000138045 -0.00261025 -0.000991937 0 0.5095
 304 -1 -0.00101529 -4.52589e-05 -2.58171e-05 -2.68353e-05 -0.00406509 0.00134923 0 0.5095
 305 -1 0.000533185 7.96787e-06 -0.000121382 -4.88222e-05 0.00512094 -0.000496196 0 0.5095
 306 -1 0.000183103 -0.000468852 -0.000177538 -1.00721e-05 -0.00806289 0.000103466 0 0.5095
 307 -1 4.53885e-05 9.90412e-05 0.000492077 7.70026e-05 0.0122743 -0.000656531 0 0.5095
 308 -1 -0.0011875 -0.000272986 7.79203e-05 -4.94454e-05 -0.00380981 -0.00126378 0 0.5095
 309 -1 0.000354004 -5.32171e-05 -0.000244402 -3.8765e-05 -0.000602157 0.000835551 0 0.5095
 310 -1 -0.000245735 0.000158899 -0.000388786 0.000208819 -0.00928604 0.00106793 0 0.5095
 311 -1 7.86628e-05 -0.000336094 0.000628784 7.93587e-05 -0.013272 -0.00190733 0 0.5095
 312 -1 -0.000982286 0.000325679 0.000429298 -4.42166e-05 0.0039041 -0.00147832 0 0.5095
 313 -1 0.000434282 -0.000398081 0.000803929 -0.000153939 0.00629331 4.56545e-05 0 0.5095
 314 -1 0.000318427 -0.000682271 0.000156126 -1.63137e-05 -0.0062786 -0.00122908 0 0.5095
 315 -1 0.00147717 -0.00104752 -0.000130049 -5.00184e-05 -0.0115252 -0.000242318 0 0.5095
 316 -1 -0.000422235 0.000191726 7.24519e-05 -0.000117093 0.000604614 -0.000118346 0 0.5095
 317 -1 0.000805939 -0.000164594 0.000380424 -0.000238578 -0.0207598 0.00100976 0 0.5095
 318 -1 -0.00177558 0.00102393 -0.000520076 4.92928e-05 -0.00278017 0.000891129 0 0.5095
 319 -1 -2.17952e-06 -0.00028415 5.41158e-05 -4.79425e-05 0.0161497 -0.000896157 0 0.5095
 320 -1 -0.000934505 0.000308891 -0.000370298 5.95302e-05 0.0113756 0.000427542 0 0.5095
 321 -1 -0.000109673 0.000237358 0.000268659 6.78829e-05 -0.0295574 -0.00032836 0 0.5095
 322 -1 0.00155673 -0.000265628 -0.000218099 -4.36498e-05 0.00220035 -0.000564127 0 0.5095
 323 -1 0.00126867 -0.00079524 -0.000680044 0.000123947 -0.0114276 0.00128414 0 0.5095
 324 -1 0.00195365 -0.00102664 4.16293e-05 0.000102128 0.0228231 -0.000378107 0 0.5095
 325 -1 -0.00181195 0.00097077 0.000570084 -9.68177e-05 0.00165526 -0.00100231 0 0.5095
 326 -1 -0.000164622 -3.60047e-05 0.000416418 4.00022e-05 -0.00864222 -0.00127654 0 0.5095
 327 -1 -0.000670429 0.000264614 0.000334113 -1.53497e-05 0.0263271 -0.00118245 0 0.5095
 328 -1 0.00172499 -0.00106435 -0.000267567 -0.000109593 -0.00565517 -0.000205305 0 0.5095
 329 -1 -0.000828434 0.000310401 0.00124239 -0.000138927 0.0233473 -0.0011881 0 0.5095
 330 -1 0.00134454 -7.04533e-05 7.01617e-05 6.50542e-06 0.0252364 8.24956e-05 0 0.5095
 331 -1 0.000164669 0.00032136 0.000481839 -4.93923e-05 -0.0116742 -0.000642849 0 0.5095
 332 -1 6.95065e-05 -0.000261102 -0.000286347 -3.24043e-05 -0.00343586 0.000819638 0 0.5095
 333 -1 0.00113848 -0.000353975 2.15023e-05 1.94626e-05 -0.0315329 -0.000477161 0 0.5095
 334 -1 -0.000864636 0.000168048 0.000553514 -0.000117007 -0.0140134 0.000772739 0 0.5095
 335 -1 0.00149675 0.000275002 -0.000428537 5.97428e-05 -0.0107568 0.000633958 0 0.5095
 336 -1 0.00045957 3.98581e-05 -3.0711e-05 -5.07669e-05 0.017317 0.00122349 0 0.5095
 337 -1 0.0001618 -9.52913e-05 -0.000408676 -9.43677e-06 -0.00333298 0.000742703 0 0.5095
 338 -1 0.000705027 0.000164262 -0.000382228 0.000119056 -0.0209078 0.00149762 0 0.5095
 339 -1 -0.00182889 0.000407445 0.000440424 -8.03966e-05 -0.0285462 4.02538e-05 0 0.5095
 340 -1 -0.00216684 0.001108 0.000164929 -0.000136329 -0.000968519 -0.000204283 0 0.5095
 341 -1 0.0010198 -0.0011411 -0.000162445 -3.62549e-05 -0.00855529 0.000592255 0 0.5095
 342 -1 0.000404095 0.000221623 0.000791843 -0.000117299 -0.00141263 -0.0005386 0 0.5095
 343 -1 0.000641428 -0.000348797 0.000101524 6.5591e-05 0.00635265 -0.000748939 0 0.5095
 344 -1 -0.000944018 0.000353436 -7.94752e-05 -6.87332e-05 -0.00500474 0.00041613 0 0.5095
 345 -1 -0.00101697 0.000653823 0.000314311 -4.45475e-07 -0.0106823 0.00118874 0 0.5095
 346 -1 -0.00139398 0.000408925 -9.17389e-05 3.12202e-05 0.00923157 0.000606685 0 0.5095
 347 -1 -0.00041527 0.000314154 0.000258363 2.10305e-06 0.00846671 9.16914e-05 0 0.5095
 348 -1 -0.000281072 4.03981e-05 0.000178642 -5.54462e-05 -0.0149607 -0.000960694 0 0.5095
 349 -1 -0.000522831 0.000508843 -0.000228362 0.000121266 0.00156474 -2.72517e-07 0 0.5095
 350 -1 -0.000847139 0.000617756 -0.0001758 1.08996e-05 -0.0113604 -0.000465185 0 0.5095
 351 -1 -0.00071704 -9.10399e-05 0.000121726 4.65017e-05 -0.00903859 0.000203466 0 0.5095
 352 -1 -0.00216459 0.000433546 -4.52781e-05 -5.42853e-05 0.00193597 -0.000480296 0 0.5095
 353 -1 -0.000508727 0.000164556 -0.000408131 -0.00012693 0.0212566 -0.000541988 0 0.5095
 354 -1 -0.000404356 0.000130297 -2.69148e-05 -0.000135271 -0.0173979 0.000103512 0 0.5095
 355 -1 0.00258564 -0.000523023 0.000225808 -0.000133103 -0.0031967 0.000703448 0 0.5095
 356 -1 -0.00100461 0.000538816 0.000605146 -6.42447e-05 -0.00411171 -0.000800106 0 0.5095
 357 -1 0.000182665 8.88668e-05 -0.000759045 4.23416e-05 0.012856 0.00213311 0 0.5095
 358 -1 0.000885549 5.72981e-05 -8.49994e-05 -6.78471e-05 -0.0146867 0.000858225 0 0.5095
 359 -1 -0.000757529 3.93533e-05 0.000332754 -0.000117134 0.0174677 -0.000839407 0 0.5095
 360 -1 -0.000676664 5.72086e-05 -0.0001014 -1.89802e-05 -0.0209326 0.000340709 0 0.5095
 361 -1 -0.000762585 -9.20311e-05 -0.000289143 -1.44604e-05 0.0120654 -0.00178972 0 0.5095
 362 -1 0.000726248 -3.06829e-05 0.00014437 2.19575e-05 0.00175309 0.000992987 0 0.5095
 363 -1 0.000387356 0.000371911 -0.00021669 -3.20224e-06 -0.00415529 0.00296343 0 0.5095
 364 -1 0.000477475 -0.000595207 -1.35515e-05 -7.70949e-05 0.0112202 -0.000510633 0 0.5095
 365 -1 0.000983597 -0.000143894 -0.000538004 -3.07364e-06 0.00959557 0.00140076 0 0.5095
 366 -1 0.000268645 -0.000204705 0.000225417 -7.74327e-05 0.00666661 0.00124917 0 0.5095
 367 -1 0.00129415 -0.000920925 0.000215653 0.000127718 -0.0222526 0.000474274 0 0.5095
 368 -1 -0.000562366 0.00040157 -0.000216811 3.00412e-05 -0.000780111 -0.000327586 0 0.5095
 369 -1 -0.000103889 -0.000315482 0.000125559 3.33475e-05 0.0140377 -0.000688996 0 0.5095
 370 -1 0.00073685 -0.00031515 -0.000213224 4.41158e-05 -0.0139799 -0.000639228 0 0.5095
 371 -1 0.000676725 -2.47617e-05 0.000175089 1.13197e-05 0.0229432 -6.07611e-05 0 0.5095
 372 -1 0.00163803 -9.64495e-05 -1.6779e-05 9.86131e-06 -0.00598531 0.00182006 0 0.5095
 373 -1 7.70422e-05 0.000325022 -0.000197889 -7.69604e-05 -0.0057967 0.000716694 0 0.5095
 374 -1 -0.0005084 -0.000232052 -0.000312145 8.80727e-05 0.02482 -9.63964e-05 0 0.5095
 375 -1 -0.000376946 -3.78516e-05 -0.00021139 6.13363e-05 0.00111509 0.000235032 0 0.5095
 376 -1 -0.000167098 0.000307711 -5.57329e-05 0.000133426 -0.0128437 0.00123468 0 0.5095
 377 -1 -0.000475405 0.000546041 4.69403e-07 -3.99423e-05 0.0161447 0.000240309 0 0.5095
 378 -1 0.0010565 -0.000494 0.000111464 3.77342e-05 0.0231858 -0.00102408 0 0.5095
 379 -1 -0.000245809 -0.00013909 -8.75494e-05 2.3452e-05 0.00392412 -8.87917e-06 0 0.5095
 380 -1 -0.00117442 -5.69468e-06 -0.000152232 7.83648e-05 0.00481034 -0.00117848 0 0.5095
 381 -1 0.000838875 0.000279977 -0.000359859 -2.0999e-05 0.0166854 0.000578894 0 0.5095
 382 -1 -0.000368929 0.000538057 -0.000391877 0.000106594 -0.0180936 0.00082397 0 0.5095
 383 -1 0.000753106 -0.000134668 -0.000204301 -6.71065e-05 -0.00581867 -0.000715046 0 0.5095
 384 -1 0.000614257 -0.000642139 -0.000341028 3.28576e-05 -0.0126906 -0.000701417 0 0.5095
 385 -1 0.000120365 -0.000369088 5.93028e-05 -2.79289e-05 0.00879158 -0.000754535 0 0.5095
 386 -1 -4.90217e-05 0.000245425 0.000452571 -0.000112527 -0.00566048 0.00177559 0 0.5095
 387 -1 0.00108366 -0.00013273 0.000195872 2.91454e-05 0.0241462 0.00050627 0 0.5095
 388 -1 -0.000173445 -0.000293531 0.00022129 -0.000215883 -0.0187899 -0.00222993 0 0.5095
 389 -1 0.000885481 -0.000437828 -8.21117e-05 8.63966e-05 0.0104588 -0.000888126 0 0.5095
 390 -1 0.00161905 -0.000169747 -0.000376213 0.000156813 0.000246237 0.000993957 0 0.5095
 391 -1 0.000505232 7.03364e-05 0.000528685 -6.3191e-05 -7.86912e-05 0.00069383 0 0.5095
 392 -1 -0.000398697 -1.86579e-05 0.000731306 2.05729e-05 0.0047059 7.44341e-05 0 0.5095
 393 -1 0.000105629 -0.000262798 0.000608203 -0.00012194 -0.0169834 0.00020325 0 0.5095
 394 -1 -0.000673634 -3.60331e-05 0.00072529 1.10848e-05 0.00429887 0.00112826 0 0.5095
 395 -1 5.98765e-05 -1.49667e-05 6.1661e-05 3.7553e-05 0.0234464 0.00128303 0 0.5095
 396 -1 0.000796611 -0.000236811 0.000513916 -0.000121984 -0.00464457 0.00135525 0 0.5095
 397 -1 -0.000190556 1.30839e-05 0.000231888 -8.66852e-05 -0.00451816 0.000268192 0 0.5095
 398 -1 0.000843991 -0.000260894 -0.000613168 0.000139223 -0.0262409 0.000375431 0 0.5095
 399 -1 -0.000822507 0.000171532 0.000514762 -2.70166e-05 -0.00421031 -0.00109738 0 0.5095
 400 -1 0.000201003 -0.000325487 -0.000190998 2.6375e-05 0.00740121 0.000368101 0 0.5095
 401 -1 0.000103108 1.54347e-05 -0.000651732 0.000150617 -0.00578626 5.08752e-05 0 0.5095
 402 -1 4.81568e-06 6.21928e-05 0.000646405 -4.37981e-05 -0.00133835 -0.00237636 0 0.5095
 403 -1 0.000309082 -0.000450746 0.000393443 -0.00010551 0.00832432 -1.92943e-05 0 0.5095
 404 -1 -0.000947086 0.000880917 0.000405747 -9.33751e-05 -0.00993181 -0.000782661 0 0.5095
 405 -1 -0.000139379 0.000621774 7.56242e-06 -5.5581e-05 -0.00871067 0.000441857 0 0.5095
 406 -1 -0.00186296 0.000686068 -0.000174657 -7.99957e-05 0.00906655 0.00029199 0 0.5095
 407 -1 0.000613017 -0.000121376 0.000135899 -0.000111312 -0.0237133 7.04687e-05 0 0.5095
 408 -1 0.00205433 -0.00119976 0.000143401 6.34047e-06 -0.0237386 0.000849285 0 0.5095
 409 -1 0.00037515 0.000104982 0.000219293 3.68633e-06 -0.00680732 -0.000461443 0 0.5095
 410 -1 -0.000414364 0.000106317 -4.25916e-05 -9.85666e-06 0.00853317 -0.00140464 0 0.5095
 411 -1 -0.000598778 0.000159869 0.000992233 -3.83519e-05 -0.00170712 -0.00186384 0 0.5095
 412 -1 1.80008e-05 -5.94363e-05 3.70539e-05 0.000114286 -0.00959532 0.000104064 0 0.5095
 413 -1 0.00107876 8.06568e-05 -0.000303055 0.000151 0.0135906 0.000783091 0 0.5095
 414 -1 0.00110013 -1.45075e-05 -0.000122563 6.88029e-05 0.0262548 0.00126078 0 0.5095
 415 -1 -6.3902e-05 -4.33476e-05 0.00013217 2.15796e-06 0.00608355 -0.000528511 0 0.5095
 416 -1 -0.00147132 0.000507057 -5.3602e-05 7.3535e-05 -0.00350911 0.000395025 0 0.5095
 417 -1 0.00216751 -0.00038473 0.000166212 -7.08166e-06 0.0067808 0.00209477 0 0.5095
 418 -1 0.0010191 5.26839e-05 -0.000524945 0.000189924 -0.0164638 0.000370154 0 0.5095
 419 -1 0.000935209 -0.000601977 6.56264e-05 3.39465e-05 -0.0256989 -0.000580098 0 0.5095
 420 -1 0.000722145 4.19725e-05 -0.000289939 5.81601e-05 0.00931924 0.00100003 0 0.5095
 421 -1 -0.000602766 -2.63229e-05 3.0025e-05 -7.68555e-05 -0.0269028 0.000492562 0 0.5095
 422 -1 0.000789713 -0.000874877 0.000137572 2.97917e-05 0.00805522 0.000148512 0 0.5095
 423 -1 -6.93797e-05 -0.000155193 2.76553e-05 7.19556e-05 0.0105839 0.000318795 0 0.5095
 424 -1 -0.00069818 0.00040818 -0.000476663 2.28085e-05 -0.00156327 0.00194585 0 0.5095
 425 -1 -0.00140089 0.00102036 -0.00033686 7.6875e-05 0.00205182 0.0012535 0 0.5095
 426 -1 -0.00163641 0.000235412 6.0197e-05 0.000105913 -0.0180142 -0.00034697 0 0.5095
 427 -1 5.29469e-05 -0.000221837 3.68101e-05 6.45213e-05 -0.00581348 3.38987e-05 0 0.5095
 428 -1 -0.0001219 -0.000501564 0.000263497 6.43375e-05 0.0105621 -0.000510023 0 0.5095
 429 -1 -0.000721608 0.000244543 0.000256653 -0.000184231 -0.0135935 3.31986e-05 0 0.5095
 430 -1 0.000920154 -0.000730978 -8.53797e-05 -6.58394e-05 -0.00233538 -0.00144803 0 0.5095
 431 -1 0.000844805 -0.000496475 -5.24948e-05 -5.90393e-05 -0.00522678 0.000353665 0 0.5095
 432 -1 -0.00119537 -0.000139101 8.94203e-05 0.000103071 -0.0129489 -0.00022983 0 0.5095
 433 -1 0.000331442 -0.000284221 0.000378115 -9.48994e-05 0.00307707 0.000721845 0 0.5095
 434 -1 -0.000728561 0.000582322 -6.87287e-05 5.27633e-05 -0.0132167 0.000954416 0 0.5095
 435 -1 0.00121638 -0.000985878 0.00019089 -0.000153132 -0.00881674 0.000307137 0 0.5095
 436 -1 -0.000877194 0.00031205 0.000895648 -5.76395e-05 0.0124746 -0.000595991 0 0.5095
 437 -1 0.00013756 -0.000232302 1.77168e-05 0.000151458 0.0150153 -0.00042553 0 0.5095
 438 -1 0.00146005 -0.000324264 4.16664e-05 1.50131e-05 0.0138999 -0.000979474 0 0.5095
 439 -1 0.000379267 0.000276792 0.000428291 -6.82678e-05 0.00453723 -0.000182029 0 0.5095
 440 -1 0.00090004 -0.000159835 -0.0001366 0.000111087 0.00263233 -0.000951715 0 0.5095
 441 -1 0.00133752 -0.000868847 0.000131947 0.000170645 -0.0181817 0.000169965 0 0.5095
 442 -1 0.00155582 2.70855e-05 -7.01244e-05 7.19841e-05 0.0178118 -0.000591073 0 0.5095
 443 -1 0.000664179 0.000276183 2.24754e-05 8.91818e-05 -0.0181471 -3.35394e-05 0 0.5095
 444 -1 0.000905771 -0.00140474 6.6029e-06 9.85113e-05 0.0126683 0.000324249 0 0.5095
 445 -1 0.00102531 -0.000527527 -0.000234139 -5.11953e-05 0.0255127 0.000961841 0 0.5095
 446 -1 0.000394697 0.000580678 0.000330119 -1.34025e-05 -0.0166332 -0.000444072 0 0.5095
 447 -1 -0.000397746 0.000166927 0.000201 -7.90441e-05 -0.0132318 -4.12766e-05 0 0.5095
 448 -1 0.000312508 0.000132019 -0.000280393 0.00016525 0.0185233 0.000462791 0 0.5095
 449 -1 -0.00182126 0.000638185 -3.68156e-05 -3.36019e-05 -0.00813548 -0.00202407 0 0.5095
 450 -1 0.00111246 -0.00078307 0.000497811 -2.27953e-05 0.0038422 -0.000416567 0 0.5095
 451 -1 -0.00119077 2.28713e-05 0.000854504 -0.000111978 0.0204196 -0.000333926 0 0.5095
 452 -1 0.000861785 -0.000171398 -7.47567e-05 9.19101e-05 -0.0130841 0.00141013 0 0.5095
 453 -1 -0.000140524 0.000323814 -0.000310338 0.000123507 0.0221991 -0.000159797 0 0.5095
 454 -1 -0.00233897 0.0012512 -0.000546377 4.99245e-05 0.00521446 -0.00091126 0 0.5095
 455 -1 -0.000517591 0.00034953 -0.000289083 5.53861e-05 0.00328186 0.00044168 0 0.5095
 456 -1 0.000152016 -0.000298939 0.000436086 -9.33419e-05 -0.00816151 0.000159352 0 0.5095
 457 -1 0.000704277 -0.00020888 0.000835682 -6.11372e-05 -0.00700924 -0.000778965 0 0.5095
 458 -1 -0.000167133 0.000307418 0.000118558 -7.58262e-05 0.0189118 -0.00027425 0 0.5095
 459 -1 -0.00012091 8.3659e-06 -0.000542024 6.01739e-05 0.0144368 -0.000608534 0 0.5095
 460 -1 -0.00137812 0.000421034 -0.000179272 -3.90195e-05 -0.0232267 0.000810957 0 0.5095
 461 -1 -0.000244243 -3.93143e-05 -0.000574006 0.000194524 0.0081727 -1.20314e-05 0 0.5095
 462 -1 -0.000443268 0.000368253 0.000413804 -9.94742e-05 0.00860247 0.000347544 0 0.5095
 463 -1 -0.000701893 -5.89959e-05 -0.000211015 -2.80319e-05 0.000918217 -0.000275687 0 0.5095
 464 -1 0.00219507 -0.000966458 0.000374505 -1.32232e-05 0.00908069 0.000185726 0 0.5095
 465 -1 -0.000650746 8.81545e-05 -9.69678e-05 6.35928e-05 -0.00982826 -0.000893676 0 0.5095
 466 -1 0.000129486 -0.000114669 0.00043103 4.69939e-05 0.00236816 -0.00187261 0 0.5095
 467 -1 -0.000292291 0.000479757 6.08837e-05 -0.000142862 -0.0118544 0.00111456 0 0.5095
 468 -1 0.000350893 -0.00085797 -7.62847e-05 4.56836e-05 0.0051778 -0.00054988 0 0.5095
 469 -1 0.000375932 -0.000266784 0.0008073 -9.39274e-05 0.0162153 3.64817e-05 0 0.5095
 470 -1 -0.0011181 6.78235e-05 0.000378365 -0.000208558 0.00427267 -0.000984625 0 0.5095
 471 -1 -2.6997e-05 -0.00020654 -1.88285e-05 -2.66073e-05 0.0165178 0.00099765 0 0.5095
 472 -1 0.00048278 0.000508301 -4.9302e-05 0.00013033 0.00189218 -0.000325873 0 0.5095
 473 -1 0.00109692 -0.000679185 1.15833e-05 -8.59178e-06 -0.0139006 -9.42592e-05 0 0.5095
 474 -1 -0.00131586 -0.000135186 0.000820566 -0.000107303 0.0112874 -0.000630667 0 0.5095
 475 -1 0.00045725 0.000160405 0.000424412 -2.33374e-05 -0.00136972 -0.000938575 0 0.5095
 476 -1 0.000383801 4.13587e-05 -0.000224234 -0.000143879 0.00890015 -0.000381323 0 0.5095
 477 -1 -0.000484458 -0.000102747 -0.0001858 0.000215131 -0.00612642 -0.000978622 0 0.5095
 478 -1 -0.00124094 0.00112885 -0.000329732 1.9922e-05 0.0178656 0.00142078 0 0.5095
 479 -1 -0.000786851 0.000399145 -0.000238363 0.00024725 0.0110067 0.000796837 0 0.5095
 480 -1 -1.54064e-05 0.000159858 0.000289845 9.05246e-06 0.00698297 0.000223318 0 0.5095
 481 -1 -0.00123878 0.000406239 -0.000230146 2.33122e-05 0.00402482 -0.0014131 0 0.5095
 482 -1 -0.00108009 0.000554768 -1.12814e-05 -9.61415e-05 -0.0151251 0.00149504 0 0.5095
 483 -1 -8.62558e-05 0.000163332 0.000307046 3.59174e-06 -0.00187039 9.02774e-05 0 0.5095
 484 -1 0.000141706 -0.000181325 -0.00030669 6.93969e-05 -0.00987974 0.000478984 0 0.5095
 485 -1 0.000470477 0.000369155 -0.00016961 -8.99452e-05 0.00610538 0.000872523 0 0.5095
 486 -1 0.00204055 -0.00077541 -0.000847658 0.000108655 -0.0160439 0.00106506 0 0.5095
 487 -1 -0.00114633 0.00035778 -0.000421752 6.14176e-05 0.00603462 0.000843788 0 0.5095
 488 -1 -0.00136934 0.000428672 0.000276207 2.98325e-05 -0.0340932 -0.00156965 0 0.5095
 489 -1 -0.00107027 0.000446949 0.000283404 -0.000102181 0.0140298 -0.00084175 0 0.5095
 490 -1 -0.000103998 0.000240176 -6.06591e-05 7.93256e-05 0.00329445 -0.000236624 0 0.5095
 491 -1 0.00047557 0.000366857 -3.08569e-05 9.86518e-05 0.0148062 -8.70668e-05 0 0.5095
 492 -1 0.000601986 -0.000267055 -0.000368797 0.000155972 0.0141905 0.00110218 0 0.5095
 493 -1 -0.000712527 0.00066687 -0.000314687 5.50424e-05 0.0104457 0.00178482 0 0.5095
 494 -1 0.000131445 -0.000595351 -0.000140294 -2.28859e-06 0.0125462 0.000372594 0 0.5095
 495 -1 -0.000453748 0.000129726 -0.000270681 -3.93116e-05 0.0149733 0.000410341 0 0.5095
 496 -1 0.000311276 0.000409568 -0.000118026 -0.000314083 -0.00148287 0.00161693 0 0.5095
 497 -1 -0.00248161 0.000741323 -8.69976e-06 0.000194685 0.013218 -0.004151 0 0.5095
 498 -1 0.00145577 -0.000720456 -0.000406894 5.66831e-05 -0.017979 0.000805442 0 0.5095
 499 -1 -0.00039839 0.000310217 -0.000264137 1.1652e-05 -0.00466849 0.000320979 0 0.5095
 500 -1 0.000338498 -9.39244e-05 0.00035296 0.00012507 0.00253653 0.00014817 0 0.5095
 501 -1 0.00234919 -0.00117012 -0.000262266 3.91937e-05 -0.0203315 0.000714891 0 0.5095
 502 -1 -0.000937011 -3.86737e-05 1.98663e-05 6.53358e-05 0.0185378 5.00467e-05 0 0.5095
 503 -1 -0.00188982 0.000447631 0.000354037 -8.57965e-06 0.00038238 -0.000918984 0 0.5095
 504 -1 0.000836267 -0.000218424 0.000772666 4.55918e-05 -0.0234607 -0.00208624 0 0.5095
 505 -1 -0.000587324 0.000490264 -1.36522e-05 -0.000142122 0.00681705 0.00184587 0 0.5095
 506 -1 0.000781494 -0.000406716 -2.62104e-05 1.25714e-06 -0.000419393 0.00135291 0 0.5095
 507 -1 -0.00071384 0.000533978 -0.000168828 1.02325e-05 -0.0141624 -4.0203e-05 0 0.5095
 508 -1 0.000793018 -0.000327778 4.73423e-05 -0.000120182 -0.00322027 -0.0012 0 0.5095
 509 -1 0.00125508 -0.000353011 0.000300299 -4.26493e-05 -0.00932963 -0.000490278 0 0.5095
 510 -1 -0.000267101 -0.000290227 0.00052444 -8.72329e-05 0.00268057 -0.000312086 0 0.5095
 511 -1 0.00083061 -0.000314358 0.00015144 3.03694e-05 -0.000674112 0.000242617 0 0.5095
 512 -1 0.000847687 -0.000344478 0.000621481 -4.60099e-05 0.00134565 -8.63625e-05 0 0.5095
 513 -1 -0.000744862 0.000653225 -0.000741217 0.000123284 0.00333489 0.000319494 0 0.5095
 514 -1 0.000946919 0.0004945 -0.000143859 3.10393e-05 -0.00128203 0.00139859 0 0.5095
 515 -1 0.000305392 0.0004371 -0.000329338 -6.47883e-05 0.00174353 0.00112601 0 0.5095
 516 -1 -0.000245744 0.00037873 0.000236318 5.79813e-05 0.0175114 -0.000540973 0 0.5095
 517 -1 -0.000339901 0.000846346 -0.000101755 1.91443e-05 -0.00464832 0.000278573 0 0.5095
 518 -1 -0.000500359 -1.99995e-05 -0.00107985 -8.24089e-05 0.00807409 0.00240277 0 0.5095
 519 -1 0.0017283 -0.000876404 9.97387e-05 8.39986e-05 0.0201843 0.000317092 0 0.5095
 520 -1 -0.000137225 -9.31335e-05 0.000688246 -8.19475e-05 -0.0225237 -0.000694936 0 0.5095
 521 -1 0.00121969 -0.000507657 -0.000391597 0.000146053 0.00938851 -5.27271e-05 0 0.5095
 522 -1 -0.000547864 0.000483872 -5.3481e-05 -2.21013e-05 -0.00973694 -0.00131486 0 0.5095
 523 -1 -0.00188192 0.000758303 0.000757286 -6.51067e-05 0.000185409 -0.00174997 0 0.5095
 524 -1 -0.00241439 0.000390135 0.000173773 -9.51822e-05 -0.0180876 9.36605e-05 0 0.5095
 525 -1 0.00101163 0.0001367 0.000115957 -4.88799e-05 0.000735224 0.000967751 0 0.5095
 526 -1 -0.00044684 9.21035e-05 4.74037e-05 3.74246e-05 -0.00426603 0.0001115 0 0.5095
 527 -1 5.66295e-06 0.00057909 0.000568877 -9.4609e-05 0.0120865 0.000835572 0 0.5095
 528 -1 0.000324889 -0.000547359 -0.000493397 -1.46847e-05 0.000364801 -0.000765871 0 0.5095
 529 -1 -0.000496514 0.000628012 0.000166394 -9.06655e-05 -0.00391545 -0.000154278 0 0.5095
 530 -1 -0.00184368 0.000430992 0.000611581 -0.000107547 -0.0154351 -0.00170446 0 0.5095
 531 -1 -0.000482635 -0.000163773 2.01993e-05 0.000140619 -0.00726066 -0.000466491 0 0.5095
 532 -1 -0.000600516 0.00031256 0.000303397 3.43069e-05 -0.0267013 -0.00162059 0 0.5095
 533 -1 -0.000125173 -0.0003004 -0.000114873 -6.37524e-05 -0.00639882 -0.00100587 0 0.5095
 534 -1 -0.00061902 -0.000237037 -0.000238667 8.81889e-05 0.00987574 -0.000154432 0 0.5095
 535 -1 0.000593193 0.000307269 0.000306227 -6.01329e-05 -0.00783046 0.000640941 0 0.5095
 536 -1 -4.29597e-05 0.000152597 -0.000505023 7.43207e-05 0.0222974 0.00085318 0 0.5095
 537 -1 -0.00083819 0.000651643 0.00023634 -3.61775e-05 0.0109191 0.000589231 0 0.5095
 538 -1 0.00301998 -0.00148935 0.000703501 -3.46781e-05 0.010423 -0.00112487 0 0.5095
 539 -1 -0.00114463 0.000182674 0.000213557 -8.90241e-05 -0.0103584 0.000792765 0 0.5095
 540 -1 0.000332447 -0.000280207 -0.000383382 -9.60507e-05 0.0148925 0.000741792 0 0.5095
 541 -1 0.00231076 -0.00038799 -0.000438643 -8.59902e-05 0.0126905 0.000970592 0 0.5095
 542 -1 0.000770447 0.000447444 -0.000361208 8.25643e-05 -0.00049894 0.000430222 0 0.5095
 543 -1 -0.00126947 0.000251217 0.000101269 0.00015309 -0.00409483 -0.000337136 0 0.5095
 544 -1 -0.000600192 0.000502542 0.000113065 3.92767e-05 -0.0316374 0.000538002 0 0.5095
 545 -1 0.000556256 -0.000323627 -0.000427348 0.000113885 0.00821909 -0.000463246 0 0.5095
 546 -1 -0.000833545 0.000503448 0.000468533 -6.18221e-05 0.00593146 -0.000295569 0 0.5095
 547 -1 -0.00072312 0.000137979 0.000254704 -7.72218e-05 0.00757185 -0.000128778 0 0.5095
 548 -1 -0.000251047 0.000448383 5.5326e-05 6.88875e-05 0.00607624 0.000508125 0 0.5095
 549 -1 -0.00185063 0.000289142 -7.1278e-05 5.52065e-05 0.00856503 -0.00129632 0 0.5095
 550 -1 -0.000354238 4.53622e-05 -0.000648413 0.000103276 0.00608664 0.000876288 0 0.5095
 551 -1 -0.00141444 0.000466486 0.000662162 -9.90511e-05 -0.01242 -0.000804454 0 0.5095
 552 -1 -0.000133477 -8.45934e-05 0.000321122 1.49575e-05 0.00436918 -0.000506604 0 0.5095
 553 -1 -0.000783452 0.000460734 0.000159033 0.00013464 0.0125814 -0.000401058 0 0.5095
 554 -1 -0.000234809 0.000134772 -0.000246385 6.77797e-05 -0.00697367 0.000576664 0 0.5095
 555 -1 -0.000822019 0.000490371 0.000374591 9.04757e-05 0.0251156 -0.000155863 0 0.5095
 556 -1 0.00115851 4.61592e-05 -9.76154e-05 -9.62387e-06 0.0047941 0.00026489 0 0.5095
 557 -1 0.00153368 -0.000239097 4.12773e-05 -0.000103706 0.000801356 0.00147454 0 0.5095
 558 -1 0.00138704 -0.000676385 0.000168494 1.73736e-05 0.0167354 -0.00143444 0 0.5095
 559 -1 -0.000809809 0.000595269 -0.000324761 0.000101962 -0.00818894 0.00106264 0 0.5095
 560 -1 0.000462779 -0.000385012 -0.000162985 -3.49669e-05 -0.00804028 0.000402325 0 0.5095
 561 -1 -0.00160124 0.000302863 -0.00070219 0.000151142 -0.0060521 -0.00022573 0 0.5095
 562 -1 0.00044269 -0.000206677 -0.000131407 -3.28757e-05 0.0231339 0.00123366 0 0.5095
 563 -1 3.00829e-05 -0.000140277 -0.000737152 0.000102623 -0.0061548 0.00103374 0 0.5095
 564 -1 0.000285366 -2.92288e-05 0.000177131 -2.00712e-05 0.00418808 0.00114559 0 0.5095
 565 -1 0.000288757 -0.000208791 0.000774005 0.000214928 -0.00751195 -0.000703703 0 0.5095
 566 -1 0.000112055 0.000139846 -0.000212622 8.75569e-05 0.00467906 0.000157588 0 0.5095
 567 -1 -0.0010679 0.000550602 -0.00011122 -7.52972e-05 0.0105246 -0.000553917 0 0.5095
 568 -1 0.00141273 1.64234e-05 -7.8549e-05 -7.00003e-05 -0.00223234 0.000799664 0 0.5095
 569 -1 0.000751802 -0.000351688 0.000130608 -7.97163e-05 0.0106316 -0.00177506 0 0.5095
 570 -1 0.00150861 -0.000650648 0.000378043 0.000114952 -0.00243763 -0.000638219 0 0.5095
 571 -1 0.000234545 0.000186096 -0.00090659 5.98427e-05 0.00215697 0.00102889 0 0.5095
 572 -1 -0.000202214 1.73737e-05 0.000681089 -0.00010672 0.0178231 0.00027614 0 0.5095
 573 -1 -0.000817985 7.00062e-05 0.00029766 -0.00012269 -0.00568062 0.00164003 0 0.5095
 574 -1 -0.000904094 0.000205328 -0.000201497 5.87791e-05 0.0075328 0.00140266 0 0.5095
 575 -1 -0.00111688 0.00061892 -0.000141146 -1.13736e-05 -0.013966 0.000367709 0 0.5095
 576 -1 -0.000215398 0.000107572 -0.000717502 7.74134e-05 0.00738568 0.000681109 0 0.5095
 577 -1 0.000975361 -0.000763432 0.000754678 -0.000179803 0.00812246 -0.000245535 0 0.5095
 578 -1 -0.000109768 0.000160812 -0.000316074 -6.69708e-05 0.00492628 0.00060901 0 0.5095
 579 -1 0.00142641 -0.000596193 -0.000576396 0.000113658 -0.0102339 -0.00156425 0 0.5095
 580 -1 -0.00154461 0.00066137 -0.000431512 0.000129 0.00192635 -0.000647731 0 0.5095
 581 -1 0.0010857 -0.000536997 -0.000257979 0.000107183 0.0218699 0.00149268 0 0.5095
 582 -1 -0.000691047 0.000174346 0.000424136 1.37717e-05 0.00674943 -0.00160427 0 0.5095
 583 -1 0.00130344 -0.000541948 0.000515614 -2.88445e-05 0.0271109 -0.00033673 0 0.5095
 584 -1 0.000959797 -1.42004e-05 -5.10842e-06 5.08009e-05 0.0109534 -0.000605783 0 0.5095
 585 -1 0.000348346 -5.76919e-05 2.63714e-05 -6.56228e-05 0.00353944 0.000168532 0 0.5095
 586 -1 -0.000454088 0.000293008 0.000169841 1.06975e-05 -0.000407795 0.00176498 0 0.5095
 587 -1 0.000869914 -7.87873e-05 -0.000609274 0.000130421 0.00850715 0.000460589 0 0.5095
 588 -1 0.00180902 -0.000686647 -0.000286962 0.000176425 0.025142 0.00114686 0 0.5095
 589 -1 -0.00198309 0.000565187 0.000165548 0.000114373 0.0248237 -0.000103956 0 0.5095
 590 -1 -0.00084748 6.26172e-06 0.000291464 4.48682e-05 0.00407553 -0.000748397 0 0.5095
 591 -1 0.000617405 -0.000493817 0.000517261 -3.52899e-05 0.00070234 0.000178976 0 0.5095
 592 -1 -0.00113495 0.000547195 -0.000137231 -0.000127241 0.00326659 -8.54182e-05 0 0.5095
 593 -1 0.000765796 -0.000381519 -0.000260073 -1.20256e-05 0.0043645 0.000100633 0 0.5095
 594 -1 0.000830478 -2.84993e-05 -0.000544006 5.29534e-05 -0.00241987 0.000517483 0 0.5095
 595 -1 0.000711541 -0.000450799 -0.00018475 3.22911e-05 -0.0215913 -2.2918e-05 0 0.5095
 596 -1 -0.000948768 0.000508804 0.000264349 -0.000157012 0.0136444 0.000646093 0 0.5095
 597 -1 -0.00180556 0.000394258 -0.00021069 0.000141815 0.00153157 -0.00132283 0 0.5095
 598 -1 -0.000214062 -4.85582e-05 -0.000105622 -0.000138328 0.0308823 0.000229978 0 0.5095
 599 -1 0.00104908 -0.000170392 1.1287e-05 -6.39167e-05 0.0212424 0.00146706 0 0.5095
 600 -1 -0.00168445 0.00112979 -0.000372093 -4.43654e-05 0.0145023 -0.00102085 0 0.5095
 601 -1 -0.000605242 0.000203339 0.000468963 -0.00012688 -0.0126594 0.000522031 0 0.5095
 602 -1 -0.000212285 -0.000488564 0.00032702 1.85807e-05 -0.00229389 -0.00087588 0 0.5095
 603 -1 -0.000390675 -7.9031e-05 -0.000573376 0.000242407 -0.0234342 0.0002514 0 0.5095
 604 -1 0.000854825 -0.000400823 2.93195e-05 8.41417e-05 0.00336368 -0.000812151 0 0.5095
 605 -1 0.00116921 4.6566e-05 -0.000122721 7.83069e-05 -0.018188 0.000414152 0 0.5095
 606 -1 -0.000778639 0.000103268 -0.00015529 2.24373e-05 -0.00423973 0.000210719 0 0.5095
 607 -1 0.000533767 7.31868e-05 0.000333279 -8.69936e-05 0.0167505 -0.00107451 0 0.5095
 608 -1 -0.00069431 0.000744731 0.000295456 -4.20288e-05 -0.0163226 0.000323612 0 0.5095
 609 -1 0.0011262 -0.000206362 0.000932902 -0.000104484 -0.000237393 7.29941e-06 0 0.5095
 610 -1 -0.000522082 -0.000178869 0.000151553 -2.94796e-05 0.0174438 -0.00130016 0 0.5095
 611 -1 -0.00116683 8.00483e-05 0.00048054 -4.08108e-05 -0.00321203 0.000247284 0 0.5095
 612 -1 6.46642e-05 -5.1538e-05 -0.000533301 -7.44885e-05 0.00310853 0.000387992 0 0.5095
 613 -1 4.9539e-05 1.50624e-05 -0.000274858 0.000179435 0.00493097 -0.000964928 0 0.5095
 614 -1 -0.000214819 0.000467765 0.000254235 2.51038e-05 -0.00577423 -0.000509215 0 0.5095
 615 -1 0.000167366 -8.78493e-05 8.8741e-05 -6.59996e-05 -0.0344849 -0.00118226 0 0.5095
 616 -1 -0.000818803 0.000687829 -6.94936e-05 -7.63713e-05 0.00688723 -0.000369757 0 0.5095
 617 -1 0.000353034 0.000354696 0.00032138 -0.000127204 0.00721133 -0.000508073 0 0.5095
 618 -1 0.000279041 -0.000164917 -3.15381e-05 2.14683e-05 -0.0240436 -0.0004518 0 0.5095
 619 -1 0.000271537 0.000412823 -0.000797504 -3.71535e-05 -0.00323686 0.00122038 0 0.5095
 620 -1 7.02935e-05 3.94996e-05 0.00028019 -9.16999e-05 0.0172183 -0.00064223 0 0.5095
 621 -1 -0.000741483 -6.24675e-05 -0.00024622 2.58166e-05 0.0124308 0.000688106 0 0.5095
 622 -1 0.000310461 -0.000597567 0.000480556 -0.00015298 0.00463868 0.000608652 0 0.5095
 623 -1 0.000217163 -0.000519152 0.000219237 -7.00696e-06 0.00245658 0.000224163 0 0.5095
 624 -1 -0.000832337 0.00100044 -0.000388014 0.00012685 0.0032255 -0.000536847 0 0.5095
 625 -1 -0.000520205 -9.61207e-05 -0.000208603 0.000239427 -0.0135747 -0.000484057 0 0.5095
 626 -1 -9.03471e-05 0.000404713 -0.000533435 -2.87197e-05 0.0162711 0.00156168 0 0.5095
 627 -1 -0.000657352 9.78455e-05 -3.96505e-05 5.73753e-05 -0.00960859 -0.000502316 0 0.5095
 628 -1 -0.00015725 0.000183391 -6.4766e-05 -0.000161283 -0.00880548 0.000201706 0 0.5095
 629 -1 -0.000576076 -0.000104687 -6.35167e-05 -6.55479e-05 0.0129411 4.16177e-05 0 0.5095
 630 -1 -0.000715746 0.000352816 0.000271983 0.000127987 -0.00197105 0.000827656 0 0.5095
 631 -1 0.000887197 -1.28136e-05 -0.000458862 4.24403e-05 0.0100657 0.00154537 0 0.5095
 632 -1 0.000825587 -0.000348914 -0.000876127 0.000244025 -0.000887791 -0.000162059 0 0.5095
 633 -1 -0.000777868 0.000672333 -0.000371173 -0.000180311 0.0202982 0.00123732 0 0.5095
 634 -1 0.000351036 1.17719e-05 -0.000134008 1.47811e-05 -0.0052468 0.000501415 0 0.5095
 635 -1 0.000119074 0.000121492 -0.000382379 0.000149867 0.00608125 0.00109076 0 0.5095
 636 -1 0.000493344 0.000190092 -3.99296e-05 -7.28216e-05 0.00250183 0.000705161 0 0.5095
 637 -1 -0.000423972 -0.000263289 -6.2859e-05 -5.25547e-05 0.00861747 0.000254675 0 0.5095
 638 -1 0.00014056 0.00049745 -7.01419e-05 3.14126e-05 -0.00432653 0.00129877 0 0.5095
 639 -1 0.000571098 0.00040666 -0.000256337 0.000139569 0.0010378 0.00118593 0 0.5095
 640 -1 0.000564689 7.97134e-05 -3.33345e-05 0.000113382 0.0183978 0.000677677 0 0.5095
 641 -1 8.68975e-05 -0.000277138 -1.57759e-05 -1.76507e-05 0.0239965 0.000591445 0 0.5095
 642 -1 0.000933644 -4.46529e-06 0.000907697 -0.000103781 0.0241246 -0.000925573 0 0.5095
 643 -1 0.00208462 -0.000819621 -0.000181484 -3.96709e-05 -0.00146606 -7.92874e-05 0 0.5095
 644 -1 -0.00168654 0.000480828 0.000287586 -0.000103215 -0.00409327 -0.000156214 0 0.5095
 645 -1 -0.000939629 0.000219599 0.000394399 1.44513e-05 0.0117795 -0.000727362 0 0.5095
 646 -1 0.000798176 0.000212801 -5.42796e-05 1.63e-05 -0.0200854 0.00159811 0 0.5095
 647 -1 -0.000133571 0.000351179 -0.000555448 2.62417e-05 0.00717566 0.000866826 0 0.5095
 648 -1 -0.000182262 -0.000500902 0.000133313 -5.36026e-05 0.00260446 7.5042e-05 0 0.5095
 649 -1 0.000737038 -0.000200304 -0.000460175 2.32087e-05 -0.00214756 0.00213913 0 0.5095
 650 -1 -0.000864279 0.000282317 -0.000182653 0.000229602 -0.00646643 -0.000341022 0 0.5095
 651 -1 0.000521906 0.000513931 0.000198637 -2.84516e-05 -0.00582956 0.00141693 0 0.5095
 652 -1 -0.00137338 0.000130782 6.50578e-05 0.0001396 -3.9079e-07 -0.000821119 0 0.5095
 653 -1 -0.000467879 -0.000132355 -0.000381419 1.70932e-05 0.00847417 0.000166489 0 0.5095
 654 -1 -0.000633526 0.000360873 -0.000270146 -6.28958e-05 -0.00331818 0.000223586 0 0.5095
 655 -1 -0.00141925 0.000171917 0.000333225 1.50291e-05 -0.00824857 -0.000512132 0 0.5095
 656 -1 0.00132874 -0.00100708 -0.000833494 0.000159006 0.00547125 0.00144114 0 0.5095
 657 -1 -0.000531496 0.000452064 0.000535106 -5.88274e-05 -0.0223179 -0.00101742 0 0.5095
 658 -1 0.00041629 -0.000223002 0.000231698 1.58967e-05 -0.0322412 -0.000750136 0 0.5095
 659 -1 0.00123107 8.22184e-05 -0.000135671 -1.22005e-05 -0.00537709 -6.86488e-05 0 0.5095
 660 -1 0.000413703 0.000153974 -0.000137868 -5.16655e-05 0.0099572 -0.000439446 0 0.5095
 661 -1 0.00096064 -0.000350049 -3.3016e-06 0.000192733 0.00954457 -0.000163314 0 0.5095
 662 -1 0.00180235 0.000539919 -0.000650857 9.43478e-05 0.0239512 0.000571231 0 0.5095
 663 -1 0.00115505 -0.000110105 -7.25861e-05 0.000105837 0.0156568 4.14007e-05 0 0.5095
 664 -1 -2.93645e-05 -0.000190877 0.000519012 2.28614e-05 -0.0241117 -0.00088316 0 0.5095
 665 -1 -0.00161842 0.000221268 -0.000114401 -4.23614e-05 -0.00757516 -0.0011406 0 0.5095
 666 -1 0.000449665 -0.00086833 0.00109976 -0.000107933 0.00302359 -0.00148605 0 0.5095
 667 -1 3.86036e-05 -0.00015486 4.88387e-05 0.000194949 0.00776578 -0.0013072 0 0.5095
 668 -1 0.000276645 -6.82229e-05 0.000667149 -0.000176187 -0.0173098 0.000712616 0 0.5095
 669 -1 -0.000738465 0.000495215 0.000275087 -3.2543e-05 -0.0073638 -0.00118383 0 0.5095
 670 -1 0.00130092 -0.00012021 -1.56551e-06 -9.34145e-06 0.020527 0.0005285 0 0.5095
 671 -1 0.00141282 -0.000392545 1.56718e-05 -0.000150519 -0.0131225 -0.000878388 0 0.5095
 672 -1 -0.000275946 0.000400151 -0.000511133 0.000145855 -0.0219956 0.00021223 0 0.5095
 673 -1 0.000662752 -0.000392514 -0.000490047 9.25018e-05 0.0103582 0.000169823 0 0.5095
 674 -1 -0.000208196 3.62886e-05 0.000380305 -1.26573e-05 -0.0041338 0.000903709 0 0.5095
 675 -1 0.00082188 -0.000450407 -0.000152344 8.94472e-05 0.00289952 -0.000233502 0 0.5095
 676 -1 2.65505e-05 0.000159142 0.000173648 -7.84684e-05 0.0131053 -0.000364501 0 0.5095
 677 -1 0.000246374 0.000271415 -0.000617773 -1.99872e-05 -0.0113293 0.00167762 0 0.5095
 678 -1 -0.00127955 0.000449566 0.000642748 -7.89829e-05 0.0163162 -0.00117331 0 0.5095
 679 -1 0.000817204 -4.83531e-05 -0.000385963 0.00010652 -0.0130664 -0.000790619 0 0.5095
 680 -1 0.000485222 -0.000457864 -0.000332821 -7.48585e-05 0.0131254 0.00155108 0 0.5095
 681 -1 -0.000665727 0.000325213 0.000196285 -4.95288e-05 0.0157558 0.000981239 0 0.5095
 682 -1 0.000286531 -0.000160719 0.000407734 -0.000179713 0.00351702 -0.000864459 0 0.5095
 683 -1 0.000330535 0.000218723 0.000458912 5.25826e-05 0.0116087 -0.00150545 0 0.5095
 684 -1 -0.000784837 0.000277379 -0.000118365 -6.76673e-05 -0.0305249 -0.000286832 0 0.5095
 685 -1 0.000973035 0.000189637 -8.73703e-05 -5.31697e-07 0.00260718 -0.000370684 0 0.5095
 686 -1 0.00041194 -0.000106543 -0.000102001 4.19374e-06 -0.0169349 -0.000552187 0 0.5095
 687 -1 -0.00017247 -0.000217802 0.000342974 -4.26732e-05 -0.00912662 -0.00192836 0 0.5095
 688 -1 -8.203e-05 -0.000262421 0.00073693 -7.38123e-05 0.00572908 -0.000355666 0 0.5095
 689 -1 0.000222332 0.000323767 0.000134454 -7.48766e-05 -0.00834018 0.000286463 0 0.5095
 690 -1 0.000191516 -0.00019574 -0.000250512 3.85461e-05 0.000836717 0.000545218 0 0.5095
 691 -1 0.000193766 -0.000161278 0.000734192 -0.000318309 -0.0047034 0.000861115 0 0.5095
 692 -1 -0.000922527 0.000108771 3.20136e-05 7.07118e-05 -0.0042744 -0.000202989 0 0.5095
 693 -1 -0.000437824 -0.000229109 0.000154404 -6.0686e-05 -0.0164577 -0.00077194 0 0.5095
 694 -1 -0.00175261 0.000392008 -0.00029381 0.000172923 0.00332838 0.00022942 0 0.5095
 695 -1 -0.00111909 7.0949e-05 0.000792866 -0.000225066 -0.00166867 -0.00040366 0 0.5095
 696 -1 -0.000363063 -0.000324755 -0.000169356 -1.3768e-05 -0.0114291 -0.00175271 0 0.5095
 697 -1 -0.000864881 0.000895629 0.00044437 -0.00013749 0.0227596 -0.000556758 0 0.5095
 698 -1 -0.000121744 8.25502e-05 -0.000514887 -0.000108608 -0.0202896 0.000785818 0 0.5095
 699 -1 0.00228105 -0.000438711 -0.000571516 6.17294e-05 -0.00260813 0.00209702 0 0.5095
 700 -1 -4.56717e-05 -0.000504847 0.00036845 -7.34324e-05 0.0015828 -0.00153201 0 0.5095
 701 -1 -0.000435797 0.000545925 -0.000153826 5.54513e-05 -0.00172583 0.000355501 0 0.5095
 702 -1 -0.00256191 0.000271922 0.000215154 -5.14726e-05 0.0202674 -0.00151564 0 0.5095
 703 -1 0.000369462 0.000208635 -2.33828e-05 9.15703e-05 -0.00160911 -0.00116013 0 0.5095
 704 -1 0.00016195 7.16474e-05 0.000124938 -0.000170392 -0.0366325 -0.000146774 0 0.5095
 705 -1 0.000824065 -0.000657371 -0.000276395 0.000120735 -0.00679347 0.00078029 0 0.5095
 706 -1 0.00181223 -0.0004977 -0.000918673 3.60522e-05 0.00713537 0.00265487 0 0.5095
 707 -1 -0.00185252 0.00061023 -0.00117091 0.000214381 -0.0153855 0.00153861 0 0.5095
 708 -1 0.00112871 -0.000426665 -0.000479837 -0.000113244 -0.0154765 0.00103774 0 0.5095
 709 -1 0.000386854 -0.000258934 0.00038408 -7.36963e-05 0.00226519 -0.000530919 0 0.5095
 710 -1 -0.000749294 0.000404783 0.000262444 3.3239e-06 0.0114086 0.000238296 0 0.5095
 711 -1 0.000355324 0.000142378 7.69256e-05 2.45382e-05 0.0139456 -8.31686e-05 0 0.5095
 712 -1 0.000646269 -0.000148798 0.000370082 -0.000131377 -0.0114912 3.01296e-05 0 0.5095
 713 -1 -0.000915101 0.000833015 0.000304349 -7.11016e-05 0.0294265 -0.000499793 0 0.5095
 714 -1 -0.000311158 0.000389484 -7.04584e-07 0.000115591 -0.000175837 0.000774427 0 0.5095
 715 -1 0.00051177 -0.00033476 0.00013613 4.06899e-05 0.0112423 -0.000207645 0 0.5095
 716 -1 0.00071367 0.000190353 -0.00060529 0.000155015 0.00715859 0.000246594 0 0.5095
 717 -1 -0.00190874 0.000441494 -0.000696259 6.08319e-05 -0.00201464 -0.00172249 0 0.5095
 718 -1 -0.000648463 0.000467242 -0.00030481 4.00323e-05 -0.00748833 -5.54847e-05 0 0.5095
 719 -1 0.000416073 6.82295e-05 0.00015823 0.000132094 -0.00357529 0.000523226 0 0.5095
 720 -1 0.000337253 0.000406817 0.000112617 -7.89608e-05 -0.00721165 0.00106385 0 0.5095
 721 -1 0.000112242 -0.000330948 0.000177502 -1.85152e-05 0.0119655 -0.000500799 0 0.5095
 722 -1 0.000242583 0.000633979 0.000307639 -4.43738e-05 -0.0039624 -0.000925032 0 0.5095
 723 -1 -0.000932848 9.51367e-05 -0.000726378 -0.000188947 -0.0227308 0.0016718 0 0.5095
 724 -1 -0.000989112 -0.000353888 -0.000199071 0.000214532 0.0164593 -0.00215353 0 0.5095
 725 -1 -0.00123167 0.000808962 -6.48201e-05 -3.05557e-05 0.0154214 -3.08151e-06 0 0.5095
 726 -1 4.02895e-05 -0.000132249 8.82048e-05 -6.74266e-05 -0.00677362 0.00135566 0 0.5095
 727 -1 -0.000674636 0.00078863 -0.000644337 -2.1791e-05 -0.00190904 0.00155317 0 0.5095
 728 -1 -0.000310176 0.000438543 0.000736282 -0.000162449 -0.0134543 0.000107585 0 0.5095
 729 -1 0.000263053 -0.000395799 0.000660312 0.00011209 -0.00261592 -4.06179e-06 0 0.5095
 730 -1 -0.000296592 -0.000211819 -0.000500854 -0.00010901 -0.0179967 0.000506386 0 0.5095
 731 -1 -0.000249138 -6.88227e-05 3.5803e-05 0.00019049 0.000989507 9.3759e-05 0 0.5095
 732 -1 0.00129751 -0.000729383 -2.64984e-05 0.000142931 -0.0276309 0.000681169 0 0.5095
 733 -1 -0.00222725 0.000777094 0.00017857 -5.74587e-05 -0.000726507 -0.000476902 0 0.5095
 734 -1 0.000483804 0.000158893 -0.000571264 -0.000134305 0.0202593 0.000416109 0 0.5095
 735 -1 -0.00101568 0.00062063 0.000291149 -1.12819e-05 -0.0132088 0.000104355 0 0.5095
 736 -1 -0.000644556 7.12551e-05 -0.000183761 -1.4963e-05 -0.00307434 -0.000572628 0 0.5095
 737 -1 -0.00059188 0.000204684 -0.000510215 8.03283e-05 0.00446405 -0.000117602 0 0.5095
 738 -1 0.00040091 -0.000117503 -0.000158106 4.54684e-05 -0.00803846 0.000661523 0 0.5095
 739 -1 -0.00105819 -0.000108414 0.000163706 -5.31495e-05 0.00492888 0.00084428 0 0.5095
 740 -1 0.000500431 0.000218529 0.000686421 -8.963e-05 -0.00356932 0.000504592 0 0.5095
 741 -1 0.00123248 -0.00112073 -0.000673173 3.1515e-05 0.0205784 0.000481553 0 0.5095
 742 -1 0.000295436 0.000213123 0.000241302 -3.97993e-06 -0.00305775 -0.00137376 0 0.5095
 743 -1 0.000496073 0.000258941 -0.000121054 3.69e-05 0.0199532 0.000308556 0 0.5095
 744 -1 0.000802426 -0.000399946 0.000385876 -1.38337e-05 -0.0089059 0.000329194 0 0.5095
 745 -1 -0.00156956 0.000278424 3.22966e-05 -1.62156e-06 0.00802385 4.9535e-05 0 0.5095
 746 -1 -0.000457135 0.00046107 0.000193132 -0.000103825 0.00151393 -0.000635958 0 0.5095
 747 -1 -0.000157835 0.00021966 -0.000106565 -7.43377e-05 0.0145891 -0.000410807 0 0.5095
 748 -1 -0.00138972 0.000757983 -0.00053939 3.15925e-05 0.0084821 -1.70662e-05 0 0.5095
 749 -1 0.000288764 -0.000426266 0.000501618 -9.55612e-05 -0.00480689 0.00113639 0 0.5095
 750 -1 0.000321412 6.18253e-05 0.000219566 2.05128e-06 0.0212444 0.00137562 0 0.5095
 751 -1 -0.000775699 0.000106949 -8.40098e-05 -6.7073e-05 -0.0184137 -0.000662236 0 0.5095
 752 -1 -0.000728529 0.000304226 0.000352184 4.63841e-05 0.0120883 -0.000720957 0 0.5095
 753 -1 0.000194816 -3.38118e-05 -0.000134373 0.000117618 0.0357534 -0.000493223 0 0.5095
 754 -1 -0.000779989 0.00063091 0.000418649 -4.58881e-05 -0.00227682 -0.000925576 0 0.5095
 755 -1 0.000580082 -0.000420709 -0.000346669 -4.5302e-05 0.0049383 0.00182143 0 0.5095
 756 -1 -0.00089024 -0.000296378 -0.000177622 6.25969e-05 -0.0100519 0.000243953 0 0.5095
 757 -1 0.000440308 -5.9448e-05 -0.00073782 6.98186e-05 -0.006854 0.00090918 0 0.5095
 758 -1 -6.61197e-05 -0.000305167 0.000339955 -4.99569e-05 0.00513651 -0.000129707 0 0.5095
 759 -1 0.000213977 1.85645e-05 0.000509537 -8.25641e-05 -0.00336476 -0.000206434 0 0.5095
 760 -1 -0.00100666 3.26127e-06 0.000607172 3.41084e-05 -0.0191694 -0.00239601 0 0.5095
 761 -1 0.000386188 0.000119559 -0.000599968 2.27583e-05 -0.00169287 0.000932672 0 0.5095
 762 -1 -0.00161333 5.17518e-05 -0.000137882 3.13489e-05 0.0225552 0.000187266 0 0.5095
 763 -1 -0.00111573 0.000499632 -0.000185666 6.88463e-05 -0.0146568 0.000189328 0 0.5095
 764 -1 0.000348625 0.00013893 -0.000185194 1.05938e-05 -0.0139882 0.00105558 0 0.5095
 765 -1 -5.15909e-05 0.000161278 0.000344523 -2.57997e-05 0.00396764 0.00127759 0 0.5095
 766 -1 0.000799713 -0.00138913 0.000681807 -0.000292874 -0.0235689 -0.00141346 0 0.5095
 767 -1 0.000860621 0.000278192 -6.43804e-05 -1.17526e-05 0.0116978 -0.000561645 0 0.5095
 768 -1 -0.000646902 1.22857e-05 -0.00014084 -4.22747e-05 -0.0117768 -0.00182719 0 0.5095
 769 -1 -0.00105998 0.000372765 0.000447649 -8.94786e-05 0.00178779 0.00017875 0 0.5095
 770 -1 0.00130857 -0.000836047 -0.000447298 0.000258559 -0.00895524 -0.00187554 0 0.5095
 771 -1 -0.00116941 -0.000234612 -0.000104253 8.06911e-05 0.0205904 -0.00129341 0 0.5095
 772 -1 -0.000592116 0.000232305 0.000568245 7.45483e-05 -0.00313617 -0.00163897 0 0.5095
 773 -1 0.00176896 -0.000730611 -0.000240421 -0.000119703 0.0169642 0.000598697 0 0.5095
 774 -1 -0.000888708 0.000395357 0.000181903 -5.04825e-05 0.029377 -0.000227294 0 0.5095
 775 -1 0.000389916 -0.000235176 -0.000704972 0.000102885 -0.00872082 0.000461405 0 0.5095
 776 -1 -3.50125e-05 -0.000256994 0.000660203 -1.3615e-05 -0.0146492 -0.00200287 0 0.5095
 777 -1 -0.000553702 0.000378598 -0.000192782 -2.80936e-05 -0.0167202 0.0010203 0 0.5095
 778 -1 0.00122587 -0.000704314 -0.000533262 -9.37754e-06 0.0126394 0.000527854 0 0.5095
 779 -1 -0.000470975 0.000538831 -0.000295853 2.63016e-05 0.0310347 0.00106496 0 0.5095
 780 -1 -0.000325783 0.000206536 0.000216397 -2.797e-05 -0.000410861 -0.000217386 0 0.5095
 781 -1 -0.00210832 0.00100758 -0.000346169 6.13483e-05 -0.0325834 0.00076123 0 0.5095
 782 -1 -0.000697229 6.13222e-05 0.000207151 4.91734e-05 -0.0097902 -0.00100115 0 0.5095
 783 -1 -8.15818e-05 0.000586418 -0.000697777 7.2122e-05 -0.00304433 -2.22969e-06 0 0.5095
 784 -1 -0.00159213 0.000142372 -0.000350328 7.82322e-05 0.0184216 -0.00139466 0 0.5095
 785 -1 0.000822954 -0.000479659 -0.000355914 -6.18723e-05 0.00404472 0.00194566 0 0.5095
 786 -1 1.51979e-05 0.000540641 0.00063363 -0.000141383 -0.00726149 0.000738812 0 0.5095
 787 -1 0.000628254 -0.000172616 2.33977e-05 4.70191e-05 0.0165423 0.00053173 0 0.5095
 788 -1 -0.00126985 9.94901e-05 -0.000188919 -3.07197e-05 0.0127018 0.00121515 0 0.5095
 789 -1 0.00083478 -0.000204692 -0.000120536 -7.70576e-05 0.000326061 0.00170562 0 0.5095
 790 -1 0.000651323 -0.000723108 0.000334527 5.75489e-05 0.00118513 -0.00115411 0 0.5095
 791 -1 -0.000198573 0.000551647 -0.000378323 0.000197428 0.0255077 -0.000110319 0 0.5095
 792 -1 0.00152644 -0.000478311 0.00015938 2.71518e-05 0.00818916 -0.000415805 0 0.5095
 793 -1 -7.48119e-05 -0.000291896 0.000435682 -0.000259339 -0.0110806 -0.00053992 0 0.5095
 794 -1 -0.000836832 0.000548743 0.000103672 -3.06048e-05 0.00535393 -0.000706347 0 0.5095
 795 -1 0.00172638 -0.000466861 0.00022217 3.62312e-06 0.00788132 -0.00146367 0 0.5095
 796 -1 -0.00097737 5.72797e-05 6.81591e-05 0.000185533 -0.0180765 -0.000184303 0 0.5095
 797 -1 -0.000841057 0.000319923 -0.000471306 3.29243e-05 -0.00301102 0.000536421 0 0.5095
 798 -1 -0.000746316 0.000553902 -0.000585685 0.000162867 0.00386558 0.00167262 0 0.5095
 799 -1 0.00116146 -0.000298658 -0.000482234 -7.52715e-05 -0.00824251 -0.00157954 0 0.5095
 800 -1 -0.00165012 0.000868662 0.000646335 -2.31771e-05 0.0156115 -0.00188267 0 0.5095
 801 -1 0.0015038 -4.244e-05 -0.000616509 -1.05818e-05 -0.00702855 0.00152349 0 0.5095
 802 -1 -0.000152109 -3.81814e-05 -0.000150474 -8.74656e-06 -0.0174831 0.000656877 0 0.5095
 803 -1 0.000395678 -0.000555712 8.02987e-05 -2.71882e-05 -0.0119059 -0.00142417 0 0.5095
 804 -1 0.000416044 0.000226735 -0.000128908 4.90943e-05 0.00582823 -0.000532487 0 0.5095
 805 -1 0.00121545 -0.000316406 -0.000411723 5.44638e-05 -0.0149194 0.00108186 0 0.5095
 806 -1 -0.00074641 0.000347196 0.000707234 -0.000124148 -0.0128423 -0.000604889 0 0.5095
 807 -1 -0.00234195 0.000764119 2.1901e-05 -6.99052e-05 -0.0218399 -0.000526546 0 0.5095
 808 -1 0.00132821 -0.00036191 0.0008937 -3.31523e-05 -0.0155345 -0.000586009 0 0.5095
 809 -1 0.00105753 -0.000479531 9.96736e-05 -2.70447e-05 0.00663156 0.00146062 0 0.5095
 810 -1 -0.000814555 0.000538249 -0.000422734 0.000116086 0.0238218 -0.0001713 0 0.5095
 811 -1 0.000822609 -0.00090606 -6.61569e-05 -2.77076e-05 -0.00407426 0.00085802 0 0.5095
 812 -1 -4.2075e-06 0.00047402 -0.000130353 -3.90889e-05 -0.00452799 6.22197e-05 0 0.5095
 813 -1 0.000934041 5.07474e-05 -6.88305e-05 0.000116208 0.00197206 0.0012438 0 0.5095
 814 -1 0.00106938 -0.000406175 -0.000267749 0.000116342 -0.0192306 0.000374888 0 0.5095
 815 -1 -0.000873868 0.00029538 0.000151293 7.93234e-05 -0.00238754 -0.000861636 0 0.5095
 816 -1 -0.000663235 0.000386112 -7.64715e-05 4.66242e-05 0.00285484 0.000165794 0 0.5095
 817 -1 -0.000377705 0.000147814 -3.46965e-05 -0.000122926 0.00851474 0.00073641 0 0.5095
 818 -1 -0.00129694 0.000479221 -0.00038009 -1.72488e-05 -0.00360989 0.00188 0 0.5095
 819 -1 -5.86624e-05 -0.000119812 0.000558889 -2.55854e-05 0.00300332 -0.000116306 0 0.5095
 820 -1 -0.000145335 -4.03603e-05 0.000116585 -6.48178e-05 0.0327352 0.000406745 0 0.5095
 821 -1 -0.00032269 -0.000408688 0.000112952 0.000153133 0.00229655 0.000102669 0 0.5095
 822 -1 -0.000103021 7.35689e-05 -0.000138762 0.000168303 -0.0121264 0.000258914 0 0.5095
 823 -1 -0.00118558 -0.000169014 0.000384139 1.35936e-05 0.005899 -0.000717174 0 0.5095
 824 -1 0.00100849 -0.000994136 -0.000384963 0.000144252 0.033215 0.00146096 0 0.5095
 825 -1 -7.85995e-05 -2.7505e-05 0.000296225 -0.000266212 -0.0168126 -0.000723708 0 0.5095
 826 -1 2.29434e-06 0.000207448 -7.89507e-05 0.000221134 0.00728289 -0.00159225 0 0.5095
 827 -1 0.00056629 -0.000190076 0.000570526 -5.48092e-05 0.003261 1.86601e-05 0 0.5095
 828 -1 -0.0013493 0.00030787 0.000240879 -1.53327e-05 -0.0277121 -0.000663358 0 0.5095
 829 -1 0.000108184 7.9962e-05 -0.000367279 -2.62165e-05 0.0110163 0.000319275 0 0.5095
 830 -1 -0.000248412 0.00032814 -0.000105481 0.000145565 -0.00938358 -0.00126853 0 0.5095
 831 -1 -0.00115629 0.000296101 0.000247225 -3.21422e-05 0.0163228 -0.00104847 0 0.5095
 832 -1 -0.000248873 0.000407931 9.16047e-05 -6.77025e-06 -0.00894924 -0.00199246 0 0.5095
 833 -1 -5.68503e-05 -2.36801e-05 0.000103921 -1.40245e-05 -0.00273033 -0.000476486 0 0.5095
 834 -1 -0.00033769 -0.000405422 0.000414431 -0.000175279 -0.0005352 0.000100654 0 0.5095
 835 -1 -0.000735411 0.00053163 -0.000554676 6.51262e-05 0.0201076 -0.00027857 0 0.5095
 836 -1 0.00132608 -0.000571926 3.40305e-06 -7.3942e-05 0.00471071 -0.00015348 0 0.5095
 837 -1 -0.000191219 -0.00029305 2.00781e-05 4.21399e-05 0.0107071 -0.00034452 0 0.5095
 838 -1 0.00118568 -4.48291e-05 -0.000823857 5.87903e-05 0.000185063 0.00300937 0 0.5095
 839 -1 0.000115072 0.00011372 0.00087774 -9.68332e-05 -0.0159876 -0.000681898 0 0.5095
 840 -1 0.00106355 -0.000125445 2.39411e-05 2.24113e-06 -0.00782154 1.49188e-05 0 0.5095
 841 -1 0.00122998 -0.000916821 0.000350879 -4.20551e-05 -0.0177599 0.00228362 0 0.5095
 842 -1 -0.000143164 9.55957e-05 0.000135986 1.43888e-05 -0.00943776 -2.93437e-05 0 0.5095
 843 -1 -0.00131784 0.000345327 -0.000413505 0.000101739 -0.0306519 0.000208579 0 0.5095
 844 -1 0.00142888 -0.000945805 -0.000219491 0.000191964 -0.0123921 0.000136348 0 0.5095
 845 -1 0.000296263 -0.000303931 -0.000610945 -5.29389e-05 0.0100966 0.000727443 0 0.5095
 846 -1 -0.000337934 -2.53094e-06 -0.000520398 4.8642e-05 0.00688668 -0.000493756 0 0.5095
 847 -1 -0.000343869 0.000844465 -0.000527283 -8.15672e-05 -0.0171103 0.000465171 0 0.5095
 848 -1 0.000130151 0.000241728 -0.000514109 4.93771e-06 0.00024857 0.00081568 0 0.5095
 849 -1 0.000709371 9.49112e-05 -0.000511643 -1.42607e-05 0.0227652 0.000354611 0 0.5095
 850 -1 -0.000522568 -8.9708e-05 -0.000101425 -9.0302e-05 -0.0011432 -0.000500784 0 0.5095
 851 -1 0.000814688 -0.000467556 -0.000171003 -3.97902e-05 -0.0112589 0.000751743 0 0.5095
 852 -1 -0.00166194 0.000861752 0.00031329 -7.55868e-06 0.0162391 0.00118251 0 0.5095
 853 -1 0.00142068 -0.000526336 0.000159066 -0.000123012 0.0345623 0.00078771 0 0.5095
 854 -1 0.00128339 -0.00098521 -0.000861187 0.000158868 -0.00233933 -0.000718136 0 0.5095
 855 -1 -0.000172585 -0.000387883 -0.000241757 0.000154904 -0.00624211 -0.000251992 0 0.5095
 856 -1 -0.000251525 -0.000132424 1.57237e-05 0.000138462 -0.0155249 -0.000268737 0 0.5095
 857 -1 -0.00155953 0.000948659 -0.000484697 0.000164427 0.00738923 0.000772712 0 0.5095
 858 -1 -0.000918686 6.06936e-05 -2.65361e-05 3.07381e-05 0.00814983 0.000246318 0 0.5095
 859 -1 0.0011927 -0.000415095 -0.000615346 0.000218386 -0.00090968 0.00103613 0 0.5095
 860 -1 0.000864858 -0.000426275 -0.000356833 1.90871e-05 -0.00219955 3.49055e-05 0 0.5095
 861 -1 -0.000425604 0.000638668 -0.000583897 -3.32705e-05 -0.0134887 0.00244258 0 0.5095
 862 -1 0.00142457 -0.000214848 0.000317153 4.9937e-05 0.00198071 -0.000165358 0 0.5095
 863 -1 0.00147882 -0.000457358 0.000399103 9.8919e-05 -0.0213478 6.49094e-05 0 0.5095
 864 -1 0.000580736 6.73247e-05 -3.32361e-05 3.68004e-05 0.0112087 0.00107636 0 0.5095
 865 -1 -0.000319075 4.77623e-05 0.000138687 -6.09022e-05 0.0117645 -0.000241853 0 0.5095
 866 -1 -0.000503096 0.00052296 0.000515639 -7.30231e-05 0.0182489 -0.00169119 0 0.5095
 867 -1 -9.58991e-05 0.000193752 0.00040248 6.47158e-05 -0.00373245 -0.000845505 0 0.5095
 868 -1 -0.000872092 0.000490441 0.000129764 -7.29818e-06 -0.000211078 -0.000372545 0 0.5095
 869 -1 -7.55486e-05 -0.000329805 -0.000531432 -5.92592e-05 -0.00372972 0.00124304 0 0.5095
 870 -1 -0.00067537 -0.000179995 2.68721e-05 -0.000101158 0.010085 0.000776084 0 0.5095
 871 -1 0.000810745 -0.000521252 0.000133688 2.70138e-05 0.0119844 -0.00135684 0 0.5095
 872 -1 -0.00102403 0.000400419 -0.000309613 -2.21927e-05 0.000880783 -0.000485938 0 0.5095
 873 -1 0.00206569 -6.76162e-05 0.000138475 6.11913e-05 0.00646947 0.00116993 0 0.5095
 874 -1 0.00106517 -0.000387664 -0.000781256 0.000106879 0.0090689 0.00114209 0 0.5095
 875 -1 0.00104669 -0.000484895 7.03422e-05 -0.00010194 0.0130992 0.000920584 0 0.5095
 876 -1 0.00105622 -9.69543e-05 -0.000170175 -8.53998e-05 -0.000115171 2.15869e-05 0 0.5095
 877 -1 -4.85509e-05 0.000157077 0.000507853 -0.000147058 -0.00267867 -0.000662594 0 0.5095
 878 -1 -0.000245293 0.000293659 -0.000333812 7.97038e-05 0.00719313 0.000323609 0 0.5095
 879 -1 -0.000851377 0.000509434 7.03206e-05 -0.000120271 0.0150099 -0.000953911 0 0.5095
 880 -1 0.000553195 0.000248428 -0.000787543 0.000134778 -0.0256721 0.000845208 0 0.5095
 881 -1 6.87381e-05 0.000152013 4.67155e-05 -0.000118603 0.0130037 -0.0019575 0 0.5095
 882 -1 -0.00159272 0.000866489 -0.000169439 -6.52186e-05 0.00847071 -0.00107138 0 0.5095
 883 -1 -0.000454753 0.000378401 -0.000225623 -2.76735e-05 -0.0138672 -0.000631986 0 0.5095
 884 -1 -0.000304745 0.000194343 0.000136369 -0.000159746 0.0119173 0.000292793 0 0.5095
 885 -1 0.000413065 -0.000395281 0.000478961 -6.47272e-05 -0.00322112 -0.000794193 0 0.5095
 886 -1 -0.000615215 0.000136518 0.000110863 5.51457e-05 0.017001 -0.00099236 0 0.5095
 887 -1 -0.00119059 0.00089507 -0.00011843 -3.07865e-05 0.0247 -8.9586e-05 0 0.5095
 888 -1 0.000527069 -0.000682354 0.000313333 -0.0001148 -0.027539 -0.00154401 0 0.5095
 889 -1 -0.000807161 0.000189965 7.35959e-05 -2.48339e-05 -0.00745629 -0.000194077 0 0.5095
 890 -1 0.00110032 -0.000284184 0.000311277 7.06675e-05 0.0119638 -0.000975144 0 0.5095
 891 -1 -0.00164131 -2.45952e-05 0.000719143 -6.93585e-05 0.0240624 -0.00120028 0 0.5095
 892 -1 0.00140987 -0.000877142 5.31361e-05 0.000132992 -0.0095356 -0.000995203 0 0.5095
 893 -1 -0.000453219 4.33778e-05 0.000163487 0.000182758 0.00559073 -0.000947844 0 0.5095
 894 -1 0.000858755 -0.000275847 0.000161374 3.73193e-07 -6.70584e-05 -0.0017081 0 0.5095
 895 -1 -0.000344148 0.000302695 -0.000654304 0.000123997 0.00530859 0.00171589 0 0.5095
 896 -1 -0.000493496 -0.000413664 1.34773e-05 -3.03419e-05 0.00797955 -0.00230321 0 0.5095
 897 -1 0.000632837 -0.000227708 0.000329176 4.54146e-05 -0.0103801 -0.0012642 0 0.5095
 898 -1 0.00098814 8.69996e-06 0.000654548 5.66078e-05 -0.0178627 0.000597169 0 0.5095
 899 -1 0.00158213 6.332e-05 -0.000794934 -4.81628e-05 0.0306647 0.00173937 0 0.5095
 900 -1 -0.000264798 -0.000502079 4.44334e-05 -9.1238e-05 -0.000555763 -0.00043246 0 0.5095
 901 -1 -0.000578269 0.000504771 -0.000447382 4.97565e-05 0.00664373 0.00136569 0 0.5095
 902 -1 -0.00132109 0.000536703 0.000610022 4.83139e-05 -0.021415 -0.00303865 0 0.5095
 903 -1 -0.00127906 -0.000117508 -0.000346838 0.000136385 0.00890104 0.00120486 0 0.5095
 904 -1 -0.00105498 2.86347e-05 8.94037e-05 5.37599e-05 -0.00478535 -0.000906984 0 0.5095
 905 -1 0.00164255 -0.00095335 0.000147918 4.82644e-06 -0.00256339 0.000588123 0 0.5095
 906 -1 0.000145961 0.000228038 0.000129227 -1.52343e-06 -0.00269844 -0.000919344 0 0.5095
 907 -1 -0.00127046 0.000344406 -0.000533767 6.52077e-05 -0.0153392 0.000234637 0 0.5095
 908 -1 -0.00121765 0.000547473 0.000203699 -1.56241e-05 -0.0225184 -0.000370391 0 0.5095
 909 -1 -0.00104816 0.000209599 -0.000247529 9.20351e-05 0.00406507 0.000753871 0 0.5095
 910 -1 0.000788094 -9.19877e-05 0.000113768 -0.00015397 0.0199181 0.0012754 0 0.5095
 911 -1 0.000916929 -0.000719251 -0.000101467 6.39831e-05 0.0168116 5.7297e-05 0 0.5095
 912 -1 0.00199406 -0.000610386 -0.000180897 -0.000135491 -0.00680172 0.00231885 0 0.5095
 913 -1 0.000989309 9.92808e-05 -0.00036269 -5.52734e-05 0.0081387 0.000877182 0 0.5095
 914 -1 -0.000947545 0.000145517 0.000180443 -0.000165916 -0.0117419 -5.04017e-05 0 0.5095
 915 -1 -0.000357407 2.48385e-05 0.000285454 -5.54345e-05 0.00517837 0.000232366 0 0.5095
 916 -1 -7.95027e-05 -0.000115496 0.000843269 -1.82765e-05 0.000626068 -0.00397404 0 0.5095
 917 -1 0.000792693 -0.000275027 0.000204779 -0.000159002 -0.013896 0.000680356 0 0.5095
 918 -1 0.00323866 -0.00112124 0.000663548 -9.32813e-05 0.0046948 0.000315708 0 0.5095
 919 -1 0.000155994 0.000447395 -0.000186304 0.000134722 0.0014079 0.000900184 0 0.5095
 920 -1 0.00176426 -0.000625084 0.000587585 -1.04824e-05 -0.00213196 0.000644886 0 0.5095
 921 -1 -0.00286808 0.00140238 0.000195595 8.05683e-06 -0.00631495 -0.000887617 0 0.5095
 922 -1 0.000617209 -0.000439419 -0.00023806 -0.000240577 -0.00601457 0.000745431 0 0.5095
 923 -1 -0.000937696 0.000452737 0.000772503 -6.81207e-06 0.0164018 -0.00220481 0 0.5095
 924 -1 1.31491e-05 -0.00061444 0.000327357 0.000133758 0.0168506 -0.000590784 0 0.5095
 925 -1 0.000593859 0.000673011 -0.00039996 -6.28009e-05 0.00438623 0.00110066 0 0.5095
 926 -1 -0.00101133 0.000150673 0.000307266 -0.000183106 0.0053271 -0.000357775 0 0.5095
 927 -1 0.000320568 0.000199857 -0.000496938 3.45326e-06 0.00447926 5.05846e-05 0 0.5095
 928 -1 0.000546591 -0.000426375 0.000335052 9.59354e-05 0.00364558 -0.00212139 0 0.5095
 929 -1 0.000380192 -6.38953e-05 -0.000148345 7.04028e-05 -0.0156879 0.00066581 0 0.5095
 930 -1 0.00012589 -0.000321673 -2.61133e-05 -2.86772e-05 0.0213874 0.000345763 0 0.5095
 931 -1 0.000680136 -0.000287621 -0.000211858 3.7393e-05 0.0161572 -0.000763529 0 0.5095
 932 -1 0.00148958 0.000215747 0.000166755 6.40927e-05 0.00557904 0.000939771 0 0.5095
 933 -1 0.00127363 -0.000171977 -5.61085e-06 0.000103654 0.000611652 -0.000983141 0 0.5095
 934 -1 9.55387e-05 -0.000702747 -8.47656e-06 0.000127825 0.0055457 -0.000744909 0 0.5095
 935 -1 0.00173425 -0.000175035 -0.000452107 -1.12442e-06 -0.00777532 0.000912453 0 0.5095
 936 -1 9.14952e-05 -0.000110078 0.00028651 -9.13614e-05 -0.00753972 -0.00174922 0 0.5095
 937 -1 -0.000383487 0.000314287 -0.000123942 2.02356e-05 -0.0159664 0.000634023 0 0.5095
 938 -1 0.000457127 0.0004055 -0.000320052 -2.46384e-05 0.0350149 -0.000140523 0 0.5095
 939 -1 0.00130637 0.000288462 -0.000272594 5.27321e-05 0.0196684 -0.000153588 0 0.5095
 940 -1 0.00204077 -0.000450974 -0.000457009 -7.40311e-06 -0.000188107 -0.000193605 0 0.5095
 941 -1 0.00230181 -0.000379547 -0.000586707 8.98124e-05 0.0150842 0.000429157 0 0.5095
 942 -1 0.000855165 -0.000841388 0.000820103 -6.30792e-05 -0.0232668 0.00024629 0 0.5095
 943 -1 0.000875541 -0.000330983 -8.37286e-05 0.000124252 0.013099 -0.00140611 0 0.5095
 944 -1 0.000218916 5.95942e-05 0.000847287 -2.67044e-07 0.00148818 -0.0015217 0 0.5095
 945 -1 -0.000282438 0.000688008 9.3983e-05 -9.31542e-05 0.00638402 -0.000268844 0 0.5095
 946 -1 0.000669586 6.51227e-06 -0.000498143 3.79341e-05 0.00300199 0.00132061 0 0.5095
 947 -1 -0.00104038 -9.27283e-06 -0.000237224 5.18757e-05 -0.00496854 0.000208908 0 0.5095
 948 -1 0.00180043 -0.00031061 -0.00046615 0.000139686 0.0144217 0.00144663 0 0.5095
 949 -1 -0.000126578 0.000318357 -0.000195088 -1.63233e-05 0.00970486 -0.000818859 0 0.5095
 950 -1 0.000242545 -0.000108234 -0.000653494 -4.36079e-06 0.0162791 0.000984856 0 0.5095
 951 -1 0.000192633 -0.000195019 -5.21735e-05 5.77099e-05 -0.0123583 3.79226e-05 0 0.5095
 952 -1 -0.00119419 1.9994e-05 4.14133e-06 -7.82073e-05 0.0120028 -0.000187794 0 0.5095
 953 -1 0.000461926 0.000120745 0.000180211 4.72869e-05 -0.0021202 0.000828705 0 0.5095
 954 -1 0.000408986 -0.000246297 -0.000871648 7.76709e-05 -0.00617521 0.0013304 0 0.5095
 955 -1 0.00162065 -0.000607616 -0.000351817 -1.17941e-05 -0.000379435 -0.000360504 0 0.5095
 956 -1 -0.00065514 0.00053374 -0.000786386 9.73415e-05 0.00137229 -6.64604e-06 0 0.5095
 957 -1 -0.000300957 -0.000288626 -0.000947097 8.10264e-05 -0.0190501 -0.000552754 0 0.5095
 958 -1 -0.000949414 -0.000190971 0.000334586 -9.05351e-05 -0.0144383 -0.00075848 0 0.5095
 959 -1 0.0013318 -0.000206168 -0.000451146 9.45555e-05 -0.00411318 0.0014886 0 0.5095
 960 -1 0.000751878 -0.000838976 0.000484695 -0.000153375 -0.00394071 0.000891946 0 0.5095
 961 -1 0.000369108 -0.000260962 -0.000165291 -2.67716e-05 -0.0161492 -0.000577228 0 0.5095
 962 -1 0.000617392 -0.000359291 -0.000175983 -0.000148388 -0.00452247 0.000226862 0 0.5095
 963 -1 -0.000340421 -0.000163489 6.3327e-05 -9.65682e-05 0.011948 -0.00148145 0 0.5095
 964 -1 0.000423345 -0.00045589 -0.000369758 -6.46912e-05 0.00838772 0.00131497 0 0.5095
 965 -1 -0.00023833 -0.000109414 -0.000252189 7.37637e-05 -8.3948e-05 0.00114353 0 0.5095
 966 -1 -0.00064914 0.000315079 -2.90276e-05 8.16035e-05 -0.022428 -0.000970153 0 0.5095
 967 -1 0.000780637 -0.000290135 -0.000112389 2.74916e-06 0.00358768 0.000129234 0 0.5095
 968 -1 0.00044667 -3.74012e-05 -8.7429e-05 7.98295e-05 -0.00417657 -0.000710757 0 0.5095
 969 -1 -0.00183685 0.000681928 0.00100958 -0.000110629 0.0047002 -0.00175262 0 0.5095
 970 -1 -0.000517268 0.000166963 -0.000246206 8.0571e-05 -0.0109485 0.000311797 0 0.5095
 971 -1 -0.00158672 0.000488544 8.80173e-05 -0.000121171 0.000160308 -3.56746e-05 0 0.5095
 972 -1 0.000425609 -0.000172932 -0.000254516 -1.66694e-05 0.0125511 0.00114079 0 0.5095
 973 -1 -0.000211566 0.000767307 -0.000217297 -2.05258e-05 0.0146374 0.00111699 0 0.5095
 974 -1 -0.0016411 0.000395195 -0.000371152 5.42621e-05 -0.0204702 0.000672091 0 0.5095
 975 -1 -0.000360865 8.41163e-05 -3.60914e-05 7.69937e-05 0.0100025 0.000950993 0 0.5095
 976 -1 5.50391e-07 0.000268503 -0.000133657 0.000146787 0.00707023 0.000684276 0 0.5095
 977 -1 -0.00138239 0.00057584 0.000715008 1.88615e-06 -0.000503854 -0.0025827 0 0.5095
 978 -1 -0.000284069 0.000500752 -0.000256244 0.000169913 -0.00284781 -0.00149352 0 0.5095
 979 -1 -0.0012643 0.000430289 0.000204599 -7.81564e-05 -0.0140326 -0.000633564 0 0.5095
 980 -1 0.0010034 -0.000552947 0.000140108 2.38508e-05 -0.028787 -0.000512309 0 0.5095
 981 -1 -9.19611e-05 -0.000197083 0.000104335 -0.000145867 -0.00602449 0.00128688 0 0.5095
 982 -1 0.000848072 -0.000551489 -0.000728787 7.96196e-05 0.0243749 -0.000526229 0 0.5095
 983 -1 -0.000953822 0.000650775 1.25379e-05 -3.33658e-05 -0.0175348 -0.000363007 0 0.5095
 984 -1 0.00091255 -0.000649876 -0.00031375 3.13731e-05 0.00797272 0.00121908 0 0.5095
 985 -1 -0.000666999 7.44017e-05 0.000256662 6.18886e-05 -0.0108199 0.000720091 0 0.5095
 986 -1 -0.00107428 0.000259693 -0.000254613 9.42217e-05 -0.00723273 -3.13221e-05 0 0.5095
 987 -1 -0.000169848 0.000227706 0.000183537 -1.79984e-05 -0.00942897 -0.000247884 0 0.5095
 988 -1 -0.00042197 0.000110222 0.000395874 8.68294e-05 -0.0174335 -0.00077559 0 0.5095
 989 -1 -0.000409076 -1.00494e-05 0.000353951 -0.000175187 -0.00360239 -0.000165343 0 0.5095
 990 -1 -0.000287519 0.000418746 0.000636191 -0.000105658 0.024271 0.000653026 0 0.5095
 991 -1 0.000941527 -0.0001905 -0.000330159 -4.57799e-05 -0.00135749 -6.89576e-06 0 0.5095
 992 -1 0.000239352 0.0001258 0.00033068 2.48898e-05 0.0004664 0.000208745 0 0.5095
 993 -1 0.000642654 0.000290558 -0.000264825 9.44314e-05 -0.00790502 0.00142486 0 0.5095
 994 -1 -0.000948308 0.000664759 -9.79551e-05 9.88925e-05 0.00370385 -0.000394168 0 0.5095
 995 -1 -0.000358637 -0.000818411 0.000312756 -2.16991e-05 -0.00779698 -0.000292742 0 0.5095
 996 -1 0.000901778 -0.00040571 0.000734193 -0.00010258 0.00125088 0.000325367 0 0.5095
 997 -1 -0.000820004 -8.01849e-05 -0.000105487 9.65524e-05 -0.0178674 -0.000880735 0 0.5095
 998 -1 -0.00114983 0.000584893 0.000777925 -0.000171316 -0.0038855 3.44761e-05 0 0.5095
 999 -1 0.000562085 -9.26724e-05 0.000205957 1.48454e-06 0.0205586 0.000748166 0 0.5095
 1000 -1 0.00025286 -0.000853229 -0.00083719 0.000163757 0.0179551 0.00108276 0 0.5095
