          2          1     -0.03845749734    -0.001840364245   -7.148718469e-05      8.8814808e-06   -0.0003238678671     0.001058866029            35.3194             0.5095
          7          1     -0.01867068967   -0.0006408676563    -0.003602268351   -0.0004532459055   -0.0001335889788    0.0001325669253            35.3194             0.5095
          9          1      -0.0361346201    -0.001706396286     0.001133284759    0.0001398157029   -0.0002829678828    -0.001532113402            35.3194             0.5095
         12          1     -0.03848093095    -0.001842971144     0.004013578295     0.000496598863   -0.0003259849967    -0.001706213864            35.3194             0.5095
         15          1     -0.03714248439    -0.001683452588      0.00285486647    0.0003496571405   -0.0003194524223   -0.0005420500693            35.3194             0.5095
         17          1     -0.02297957014   -0.0009384743059   -0.0003173361503   -2.566826902e-05   -0.0001412485885   -4.141669195e-05            35.3194             0.5095
         18          1     -0.03604717344     -0.00169773367    0.0005913924274    6.200560349e-05   -0.0002878640831    0.0007351164226            35.3194             0.5095
         20          1      -0.0323357724    -0.001418580304     0.002428705764    0.0003035021747   -0.0002521655871   -0.0005751133213            35.3194             0.5095
         21          1     -0.03397120208     -0.00153890173    -0.001446240436   -0.0001528665686   -0.0002611057389    -0.001420963294            35.3194             0.5095
         23          1     -0.03975811176    -0.001926127415   -0.0007412156634   -9.746962464e-05   -0.0003363323018     -0.00134315394            35.3194             0.5095
         25          1     -0.03826748876    -0.001812878746    -0.001480715419   -0.0001755773316   -0.0003242841336    0.0009053269856            35.3194             0.5095
         28          1     -0.03153538908    -0.001443383942     0.000242272845    6.580645263e-06   -0.0002244515057   -0.0003855908332            35.3194             0.5095
         31          1     -0.02856366415    -0.001244191524     0.001678475801    0.0002107313538    -0.000199548274    0.0002479243269            35.3194             0.5095
         34          1     -0.03983928043     -0.00197445252     0.001962586131    0.0002479994884   -0.0003407813193    0.0005034580049            35.3194             0.5095
         35          1      -0.0372894053    -0.001774923479   -0.0003999528035   -2.532783855e-05   -0.0003020129438   -0.0002803476599            35.3194             0.5095
         40          1     -0.03269213085    -0.001500298215     0.001954500218    0.0001947213203    -0.000238400167    -0.001680262956            35.3194             0.5095
         41          1      -0.0317793744    -0.001359265396    -0.001941640703   -0.0002254957086    -0.000252776726   -9.981222549e-05            35.3194             0.5095
         45          1     -0.02856453783    -0.001246392153    0.0003811394537    4.759333612e-05    -0.000192905007    -0.001625162521            35.3194             0.5095
         46          1     -0.03007838757    -0.001377333751      7.0838037e-05    1.890811143e-05   -0.0002051149471    -4.02747962e-05            35.3194             0.5095
         47          1     -0.03930772281    -0.001845623181    0.0007084777639    0.0001130324809   -0.0003389194459   -0.0006985611451            35.3194             0.5095
         49          1     -0.02471952569    -0.001002118811     0.001344407083    0.0001485440741   -0.0001600481032    -0.002778612212            35.3194             0.5095
         52          1     -0.02974671989    -0.001344398243     0.002825028442    0.0003166493177   -0.0002054635679   -0.0008692156185            35.3194             0.5095
         56          1     -0.03623114198    -0.001687942583     0.000214780294    4.960176611e-05   -0.0002922782228    0.0001603513529            35.3194             0.5095
         57          1     -0.03570307268    -0.001676275161    -0.001483358726   -0.0001713289588   -0.0002825869248    0.0001660915002            35.3194             0.5095
         59          1     -0.03533478223    -0.001643377475    -0.000270028245   -4.918866551e-05   -0.0002778216677   -5.049126407e-05            35.3194             0.5095
         60          1     -0.03188903926    -0.001445959538     0.002291657349    0.0002617697948   -0.0002308608049    -0.001792732897            35.3194             0.5095
         61          1     -0.03271118661    -0.001424499058     0.002287482004    0.0002806916909   -0.0002582364738    -0.001161243401            35.3194             0.5095
         64          1     -0.03040885974    -0.001319592328     0.001487218746    0.0001930756257   -0.0002210581403      -0.0018276629            35.3194             0.5095
         65          1     -0.03104344558    -0.001412949362     0.001277357599    0.0001228871921   -0.0002167638524    -0.001523002713            35.3194             0.5095
         66          1     -0.03842493932    -0.001800298969    -0.002099782137   -0.0002809697961    -0.000328660004   -0.0002927000532            35.3194             0.5095
         70          1     -0.03895208991    -0.001843324157    0.0009421324752    0.0001093069561   -0.0003285046806    -0.001232023958            35.3194             0.5095
         71          1     -0.03843016914    -0.001796812534      0.00212029322    0.0002615684198   -0.0003326103148    0.0007876598309            35.3194             0.5095
         72          1     -0.03732351773     -0.00183406025     -0.00104691498   -0.0001332967354   -0.0002997298776    0.0007717134464            35.3194             0.5095
         75          1     -0.03050908239    -0.001355366972     0.001755453129    0.0001851047416   -0.0002144907147    -0.002170822737            35.3194             0.5095
         77          1     -0.03578258564    -0.001687061817     0.001066743068    0.0001089558026   -0.0002807135425   -0.0003166174373            35.3194             0.5095
         78          1     -0.01516185002   -0.0004673004763    0.0001351656936    3.177826902e-05    -9.70545851e-05    -0.001305561555            35.3194             0.5095
         79          1     -0.02478540836    -0.001011674201   -0.0003143798069   -3.735963514e-05   -0.0001620451994    -0.001029892268            35.3194             0.5095
         81          1     -0.03718780984    -0.001726699178   -0.0006086878524   -3.326645726e-05   -0.0003064315922      -0.0006058668            35.3194             0.5095
         84          1     -0.03280510436    -0.001471347633     0.002348984496    0.0003082069952   -0.0002520418711   -0.0006250992441            35.3194             0.5095
         85          1     -0.03645123439    -0.001799653367    0.0001675930688    3.920352361e-05   -0.0002816142702    -0.001142583225            35.3194             0.5095
         87          1     -0.03884556654    -0.001839058104    0.0008780429553      0.00010180112   -0.0003307767422     8.31095474e-05            35.3194             0.5095
         89          1     -0.03383522873    -0.001651246867    -0.001175706651   -0.0001159137171   -0.0002466749114    6.098719097e-05            35.3194             0.5095
         91          1     -0.02515456072   -0.0009944617644     0.001897091799    0.0002190972905   -0.0001753877026    -0.002042362492            35.3194             0.5095
         92          1      -0.0296278343    -0.001321531771   -0.0001596524808   -3.431149912e-05   -0.0002036772473   -0.0007350296306            35.3194             0.5095
         93          1     -0.02761478545    -0.001158399682   -0.0008740989968    -0.000122385998   -0.0001937123698    -0.000778997655            35.3194             0.5095
         99          1      -0.0366324288    -0.001666454901     0.001187588385     0.000116907117   -0.0003018097954    -0.001419133788            35.3194             0.5095
        101          1     -0.03982658602    -0.001888177894     0.001416547621    0.0001928370095   -0.0003460423948   -0.0006446691924            35.3194             0.5095
        102          1     -0.02367656127   -0.0009191545951    0.0003418955682    4.042127312e-05   -0.0001631749094     5.90364052e-05            35.3194             0.5095
        111          1     -0.03950099601    -0.001898301007    -0.001083056345   -0.0001177901097   -0.0003380500199    0.0001362629218            35.3194             0.5095
        113          1     -0.03890043602     -0.00180608963    0.0003888298024    2.881947898e-05   -0.0003369965249   -0.0001931441986            35.3194             0.5095
        116          1     -0.02428385411   -0.0009706348567    0.0008416533971    7.648055927e-05    -0.000162907116   -0.0002161183374            35.3194             0.5095
        119          1     -0.03174978445    -0.001508350444     0.002646228308    0.0003345621395   -0.0002269894052    0.0008491592047            35.3194             0.5095
        125          1      -0.0393529362    -0.001895335687    0.0004003027625    3.940622807e-05    -0.000334938596    0.0002717079632            35.3194             0.5095
        136          1     -0.02636977413    -0.001146454409     0.001846994467    0.0002120282266    -0.000169160667   -0.0006611972428            35.3194             0.5095
        139          1     -0.02596306006    -0.001117651328    0.0002816982455    2.338644232e-05   -0.0001650902194   -0.0004443712143            35.3194             0.5095
        140          1     -0.03297938527    -0.001533319426    0.0002492239781    1.159381581e-05   -0.0002393749239    -0.001215502937            35.3194             0.5095
        141          1     -0.03518826859    -0.001678149688     0.001709865014    0.0002281198009   -0.0002750840014       0.0013649766            35.3194             0.5095
        144          1     -0.03354164393    -0.001535393411    0.0002377013834    3.473471476e-05   -0.0002518834148    -0.001041043155            35.3194             0.5095
        148          1     -0.03056697304    -0.001347353769    0.0005046437743    5.864424934e-05   -0.0002201165327   -0.0007315218806            35.3194             0.5095
        149          1     -0.03262501457    -0.001428896918     0.001752277083    0.0001826076246   -0.0002534448097   -0.0009636883297            35.3194             0.5095
        150          1     -0.03780548199    -0.001823556841    0.0007467691696    0.0001163077768    -0.000310427743    0.0006137162493            35.3194             0.5095
        151          1     -0.03569943934    -0.001684115448    -0.002040710223   -0.0002471909239   -0.0002801835222   -0.0007277384119            35.3194             0.5095
        153          1     -0.03141969346    -0.001472641033   -0.0003049096759     -2.0484974e-05   -0.0002166750778   -0.0009829766361            35.3194             0.5095
        155          1     -0.03582983229    -0.001673383935   -0.0005414639569   -8.857184532e-05   -0.0002836559674   -0.0004123355038            35.3194             0.5095
        156          1     -0.03130293726    -0.001447464893    0.0003335498119    5.249399431e-05   -0.0002187147323   -0.0005218657224            35.3194             0.5095
        159          1     -0.03668108345    -0.001768425416    -0.003879720671     -0.00049914018   -0.0003038173525     0.001228066284            35.3194             0.5095
        161          1      -0.0336546936    -0.001535373261     0.003629341505    0.0004593285455   -0.0002626471974      -0.0012245633            35.3194             0.5095
        163          1     -0.03761314416    -0.001811888574     0.001445505404    0.0002043669762   -0.0003087242766    0.0005753792655            35.3194             0.5095
        167          1     -0.03943070765    -0.001897578345     0.002530766121    0.0002828199986   -0.0003323304347    -0.002231213883            35.3194             0.5095
        171          1     -0.03932147984    -0.001911157793   -0.0001388605529   -4.121779352e-05   -0.0003319166946    8.582525067e-05            35.3194             0.5095
        173          1     -0.03853708905    -0.001849389617     7.03546721e-05   -3.371904551e-07   -0.0003179762336    -0.001171173773            35.3194             0.5095
        174          1     -0.02852205571    -0.001237214015   -0.0009478075814   -9.935000547e-05   -0.0001920932834      -0.0025007125            35.3194             0.5095
        176          1      -0.0342227817    -0.001560333354     0.001142061844    0.0001527248515   -0.0002627892198    -0.001564503284            35.3194             0.5095
        179          1     -0.03595496297    -0.001685121494      0.00175280785    0.0002083359134   -0.0002848207345   -0.0008068304899            35.3194             0.5095
        182          1     -0.03263081712    -0.001458251465      0.00147474511    0.0001871427253   -0.0002469562276   -0.0009577731779            35.3194             0.5095
        183          1     -0.02931140711     -0.00131813775     0.002464292329    0.0003124005726   -0.0002031963907    7.070837036e-05            35.3194             0.5095
        184          1       -0.035878546    -0.001640944018   -0.0005710416115   -5.623273601e-05      -0.0003022463     0.002848906031            35.3194             0.5095
        191          1      -0.0275572081    -0.001176056949     0.001608992004    0.0001975859716   -0.0001844832382    -0.002632632436            35.3194             0.5095
        193          1     -0.03843272951    -0.001761552339     0.001685777942    0.0002193193045   -0.0003326726003     -0.00100065416            35.3194             0.5095
        194          1     -0.03447462101     -0.00158322161   -8.399346547e-05   -2.394925076e-05    -0.000261173703    -0.002448113199            35.3194             0.5095
        197          1     -0.03729651146    -0.001683153604   -0.0007717280954   -0.0001092553634   -0.0003229022607    0.0002865768356            35.3194             0.5095
        198          1     -0.03623589353     -0.00174674038   -0.0007850637186   -0.0001043067872   -0.0002854639948    0.0006724655469            35.3194             0.5095
        206          1     -0.03029498249      -0.0013515047   -0.0009072534704   -9.550010159e-05   -0.0002133122277   -0.0006327597605            35.3194             0.5095
        210          1     -0.02495665845    -0.001049711549    -0.003630885634   -0.0004451297015   -0.0001652241809   -0.0007608372571            35.3194             0.5095
        211          1     -0.03897355116    -0.001859661398    -0.000906659892   -7.726111039e-05   -0.0003307819784    0.0001693239769            35.3194             0.5095
        222          1     -0.02582153655    -0.001132923643     0.001406585417    0.0001782522604   -0.0001596635243   -0.0009650400827            35.3194             0.5095
        225          1     -0.03643101896    -0.001773740169    0.0005221489873    7.388920631e-05   -0.0002868970563    0.0008606735605            35.3194             0.5095
        227          1     -0.03893471068    -0.001867088421    0.0002450240666    2.294922937e-05   -0.0003296910285    0.0005253209943            35.3194             0.5095
        228          1     -0.03053653992    -0.001343876961    -0.001007271456   -9.050580672e-05   -0.0002210891908    -0.000445333909            35.3194             0.5095
        233          1     -0.03149250346    -0.001398065313    -0.001652187608   -0.0002337322842   -0.0002311430237    -0.001698732965            35.3194             0.5095
        235          1     -0.02365735842   -0.0009933972714    0.0004481796241    7.513849219e-05   -0.0001466056451     0.001648387944            35.3194             0.5095
        240          1     -0.03788034005    -0.001722634113    -0.001836304863   -0.0002016525442   -0.0003255600031    -0.001024114106            35.3194             0.5095
        242          1     -0.03741229039    -0.001721966012      0.00216268313    0.0002678879501   -0.0003155781688   -0.0007100899475            35.3194             0.5095
        245          1     -0.02784496042    -0.001207471085     0.002739087346    0.0003623039126   -0.0001949044524    0.0002860763801            35.3194             0.5095
        246          1     -0.03740119324     -0.00172461773    8.138259259e-05   -4.324691515e-06   -0.0003138518299   -0.0001514579424            35.3194             0.5095
        251          1     -0.03762150674    -0.001777788433     0.001134686258    0.0001209909065   -0.0003117682833    0.0003598881573            35.3194             0.5095
        252          1     -0.03195424055    -0.001445586508     0.001884130321    0.0002569433672   -0.0002360662023   -0.0005067740142            35.3194             0.5095
        256          1     -0.03381416146    -0.001557409729    -0.001031072622   -0.0001244952479   -0.0002605677871    0.0009916066717            35.3194             0.5095
        259          1      -0.0208611179   -0.0008811276565     0.002182821373    0.0002410602503    -0.000114640022    0.0004381954385            35.3194             0.5095
        265          1     -0.03502203978    -0.001587790839      0.00167028929    0.0002194306571   -0.0002782100854    -0.001498323501            35.3194             0.5095
        267          1     -0.02941727247    -0.001324879635   -6.638658396e-06   -1.781899476e-05   -0.0001992004316   -0.0004150025553            35.3194             0.5095
        269          1     -0.02546427148    -0.001131306847   -0.0007317143984   -0.0001319745795   -0.0001547321403    0.0001392239864            35.3194             0.5095
        270          1     -0.03818719639    -0.001816122196    -0.001448322528   -0.0001829717222     -0.00031980479    0.0002297650924            35.3194             0.5095
        272          1     -0.03052829692     -0.00134954435     0.001500970008    0.0001689629719   -0.0002180818189    -0.001324932826            35.3194             0.5095
        273          1     -0.03748462663    -0.001804461027    0.0007476502121    7.106211318e-05   -0.0003038556554    0.0001316033434            35.3194             0.5095
        285          1     -0.03668452426    -0.001763939593    -0.001827181505   -0.0002166259447   -0.0002922697303   -0.0001614235097            35.3194             0.5095
        289          1     -0.03921323035    -0.001924871335    -0.002752422202   -0.0003532907889   -0.0003331697108   -1.475942289e-05            35.3194             0.5095
        290          1     -0.03781437903    -0.001759973739    0.0006664012412    7.165051185e-05   -0.0003105350529    -0.002329873755            35.3194             0.5095
        293          1     -0.03433731333    -0.001621462075     0.001550432911    0.0001831151671   -0.0002571036932    -0.001232723102            35.3194             0.5095
        294          1     -0.03893666116    -0.001807952683    0.0007170827447    8.776457162e-05   -0.0003291855339    -0.002602663977            35.3194             0.5095
        300          1     -0.03508627644      -0.0016819692    -0.002033398189   -0.0002729425451   -0.0002748050051     0.001939356597            35.3194             0.5095
        304          1     -0.03852941621    -0.001824627586   -0.0004633936724   -6.091404095e-05   -0.0003293465533     0.001349225901            35.3194             0.5095
        308          1     -0.03278970067    -0.001423042756   -0.0003283357934   -4.890573675e-05   -0.0002574051992    -0.001263783395            35.3194             0.5095
        311          1     -0.03396325183    -0.001525962046     0.003943789168    0.0004700761895   -0.0002698497439    -0.001907333422            35.3194             0.5095
        314          1      -0.0242157875   -0.0009470456079    0.0004766734178    5.138131291e-05   -0.0001657303293    -0.001229082392            35.3194             0.5095
        315          1      -0.0321363838    -0.001411734713    -0.001249870004   -0.0001568124774   -0.0002469116585   -0.0002423212597            35.3194             0.5095
        319          1     -0.03536557444    -0.001622234775   -0.0004114922513   -5.836789732e-05   -0.0002798955626   -0.0008961605045            35.3194             0.5095
        323          1     -0.03864628408     -0.00183125523    -0.001329335803   -0.0001283800282    -0.000331351783      0.00128413588            35.3194             0.5095
        324          1     -0.03695489905    -0.001708470841     0.001563699207    0.0002048558585   -0.0003064480384   -0.0003781108299            35.3194             0.5095
        326          1     -0.03112437881    -0.001400208095     0.002417318837    0.0002878108116   -0.0002240084942    -0.001276542853            35.3194             0.5095
        330          1     -0.03875816154    -0.001913759573    0.0003966639048    4.779161723e-05   -0.0003199795277     8.24918613e-05            35.3194             0.5095
        333          1     -0.03403685039    -0.001590631087    0.0003587827163    4.606642465e-05   -0.0002555039872     -0.00047716415            35.3194             0.5095
        337          1     -0.03514256819    -0.001662632429    -0.001912683525   -0.0002268223082   -0.0002743754385    0.0007426996039            35.3194             0.5095
        338          1     -0.03926403991    -0.001968487512   -0.0001011866446    1.551708156e-05    -0.000329556626      0.00149761614            35.3194             0.5095
        339          1     -0.03692618232    -0.001735648966    0.0008664893478     8.29251799e-05   -0.0003006054468    4.025008922e-05            35.3194             0.5095
        343          1     -0.03812373566    -0.001800351253     0.001343995293    0.0001704935129   -0.0003174853981    -0.000748942859            35.3194             0.5095
        345          1     -0.03774456391    -0.001865143239     0.001361184524    0.0001604310592   -0.0003068066235     0.001188736363            35.3194             0.5095
        348          1     -0.03729383399    -0.001760329412    4.226238663e-05   -7.514434791e-06   -0.0003022029217   -0.0009606976632            35.3194             0.5095
        351          1     -0.03567308186    -0.001649530062      0.00115767693    0.0001458807998   -0.0002864511434    0.0002034623932            35.3194             0.5095
        352          1     -0.02582365066    -0.001082151221   -0.0009354717187   -0.0001209043808   -0.0001704204289   -0.0004802983451            35.3194             0.5095
        353          1     -0.03902307151    -0.001871514853    -0.003533605237   -0.0004388696741   -0.0003357168091   -0.0005419920335            35.3194             0.5095
        354          1     -0.03767043969    -0.001803881184    -0.001929771526   -0.0002560447801   -0.0003106216358    0.0001035082393            35.3194             0.5095
        359          1     -0.03612435051    -0.001675485065   -0.0001091582023   -3.888617931e-05   -0.0002887598078   -0.0008394105742            35.3194             0.5095
        360          1     -0.03597968667    -0.001689477172   -0.0006989247842   -8.611616081e-05   -0.0002866200749    0.0003407054447            35.3194             0.5095
        361          1     -0.02765444585    -0.001165984723    -0.001505833105   -0.0001761640026   -0.0001907256923    -0.001789722575            35.3194             0.5095
        364          1     -0.02288020888   -0.0008942236144    -0.001103611301   -0.0001455320568   -0.0001503827614   -0.0005106351842            35.3194             0.5095
        367          1     -0.02701809306    -0.001133626533     0.002645364693    0.0003390708233   -0.0001925572485    0.0004742713269            35.3194             0.5095
        369          1     -0.03131350199    -0.001385461758     0.001012072098    0.0001248558401   -0.0002304357831   -0.0006889990059            35.3194             0.5095
        370          1     -0.03625047168    -0.001703146906   -0.0003509150911   -3.080467161e-05   -0.0002876631578     -0.00063923152            35.3194             0.5095
        374          1     -0.03309080615    -0.001488116073    -0.000196911973   -3.038097163e-06    -0.000253100885   -9.639966926e-05            35.3194             0.5095
        379          1     -0.03494077116    -0.001618122024   -7.208437637e-05    -3.10052358e-06   -0.0002728656101   -8.882590286e-06            35.3194             0.5095
        382          1      -0.0392316064    -0.001958026702   -0.0003035782636   -1.129221721e-05   -0.0003280494375    0.0008239661737            35.3194             0.5095
        383          1     -0.03179678888    -0.001471028558    -0.001821874285   -0.0002262933655   -0.0002269380726   -0.0007150488196            35.3194             0.5095
        385          1     -0.03644350893    -0.001680156451   -0.0001151822466   -1.961410612e-05   -0.0002959310891   -0.0007545386913            35.3194             0.5095
        387          1     -0.03752752786    -0.001830714177     0.001246891267    0.0001527912177   -0.0003037018095     0.000506266381            35.3194             0.5095
        388          1     -0.03757699595    -0.001720561586    -0.002004267154   -0.0002768893496    -0.000315378302    -0.002229933887            35.3194             0.5095
        389          1     -0.03664402011     -0.00171284118    0.0008102453046    0.0001131452997   -0.0002951399785   -0.0008881296203            35.3194             0.5095
        390          1     -0.03749376793    -0.001853914808    0.0004259229485    8.610659075e-05   -0.0003018073618    0.0009939534383            35.3194             0.5095
        392          1     -0.03599045349    -0.001688371401     0.003502234312    0.0004135768531   -0.0002925777005    7.443046704e-05            35.3194             0.5095
        398          1     -0.03899862476    -0.001887307329   -0.0008400279104   -6.666883939e-05   -0.0003282510682    0.0003754270588            35.3194             0.5095
        399          1     -0.03748827185    -0.001763351004     0.001935555067    0.0002176298102   -0.0003076088157    -0.001097383741            35.3194             0.5095
        400          1     -0.03990950957     -0.00190465753   -0.0004880984337   -5.113916486e-05   -0.0003473872819    0.0003680967662            35.3194             0.5095
        403          1     -0.03717332374    -0.001730104314    0.0003223336421    1.371874418e-05   -0.0003073136487   -1.929812979e-05            35.3194             0.5095
        408          1     -0.03814340118    -0.001777275332    0.0007102172363    8.495440316e-05   -0.0003266575758    0.0008492808907            35.3194             0.5095
        410          1     -0.03493726037    -0.001622679984   -0.0003269103346   -3.986797358e-05   -0.0002681240264    -0.001404643289            35.3194             0.5095
        421          1     -0.02976747422    -0.001325945276   -0.0008901150228    -0.000121830434   -0.0002094962974     0.000492559248            35.3194             0.5095
        423          1     -0.02470295417    -0.001038379509     0.001081340122     0.000142890784   -0.0001572902711    0.0003187928253            35.3194             0.5095
        426          1     -0.03570080668    -0.001646231147     0.001696316343    0.0002211945457   -0.0002872345274   -0.0003469736024            35.3194             0.5095
        427          1     -0.02119910944   -0.0008312396122     0.001027397293    0.0001345294497   -0.0001295935414    3.389681683e-05            35.3194             0.5095
        428          1     -0.03844760906    -0.001771560939     0.002041935444    0.0002516524672   -0.0003332756235    -0.000510027172            35.3194             0.5095
        432          1     -0.03674004512    -0.001678724257     0.001784151607    0.0002310211267   -0.0003080116139   -0.0002298339039            35.3194             0.5095
        433          1     -0.02868765015    -0.001272660281    0.0003978915782    2.504009952e-05   -0.0001956743242    0.0007218424125            35.3194             0.5095
        435          1     -0.03758135775    -0.001728781841    -0.001203060303   -0.0001755695042   -0.0003209590119    0.0003071329371            35.3194             0.5095
        437          1     -0.03738052663    -0.001756355838     0.002125401132    0.0002811680946   -0.0003098628344   -0.0004255338043            35.3194             0.5095
        440          1     -0.02653379773    -0.001171062741    0.0009044318952    0.0001294994261   -0.0001665397047   -0.0009517171605            35.3194             0.5095
        444          1     -0.02318936163   -0.0008344442213     0.001342796664    0.0001795315096    -0.000180780969    0.0003242462363            35.3194             0.5095
        449          1     -0.02527913095    -0.001076660465   -0.0006334600144   -8.003235954e-05   -0.0001563062035    -0.002024072076            35.3194             0.5095
        450          1     -0.03257436432    -0.001452742054     0.001902132954    0.0002159877901   -0.0002486734297   -0.0004165702305            35.3194             0.5095
        459          1     -0.03529948812    -0.001654167948    -0.001596472621   -0.0001717538227   -0.0002745880793   -0.0006085373737            35.3194             0.5095
        461          1     -0.03482056181    -0.001623798503    7.428267744e-05    5.270591212e-05   -0.0002693771565   -1.203474912e-05            35.3194             0.5095
        462          1     -0.03837205759     -0.00187634367    0.0004933756501    3.512242313e-05   -0.0003156769544    0.0003475402569            35.3194             0.5095
        463          1     -0.03843504398    -0.001805829228     -0.00131299694   -0.0001591512146   -0.0003255493689   -0.0002756910038            35.3194             0.5095
        464          1     -0.03924280829    -0.001865875913     0.001473261992    0.0001691851188   -0.0003373165089    0.0001857218794            35.3194             0.5095
        465          1     -0.03118083985    -0.001403352776    0.0004333010786    6.439796297e-05   -0.0002226344866   -0.0008936788441            35.3194             0.5095
        468          1     -0.03143533154     -0.00134489463    0.0002794399801    4.271908509e-05   -0.0002438583377   -0.0005498832873            35.3194             0.5095
        469          1     -0.03199251457    -0.001459202144     0.002304645371    0.0002477168985   -0.0002350900754    3.647869734e-05            35.3194             0.5095
        470          1     -0.02905116181    -0.001258979008     -0.00115405667   -0.0001801318319    -0.000204531186   -0.0009846277105            35.3194             0.5095
        476          1     -0.03972331805    -0.001935784428     -0.00293790197   -0.0003740583379   -0.0003425770379   -0.0003813270481            35.3194             0.5095
        477          1     -0.03858653814    -0.001807371016     0.002104538313    0.0002915598656   -0.0003295584546   -0.0009786260283            35.3194             0.5095
        481          1     -0.03557069626    -0.001661887313   -0.0007140904982   -7.710379445e-05   -0.0002764902771    -0.001413103369            35.3194             0.5095
        484          1     -0.03838488796    -0.001834226975   -0.0004232546862   -3.378776845e-05   -0.0003212558271    0.0004789800839            35.3194             0.5095
        487          1     -0.02877328665    -0.001298205908    -0.001031066049   -0.0001071622898   -0.0001933424444    0.0008437854842            35.3194             0.5095
        488          1     -0.03449885898    -0.001596315534     0.001655181022    0.0001971029362   -0.0002634298771     -0.00156965324            35.3194             0.5095
        489          1     -0.03355398026     -0.00156690601   -0.0001259126194   -3.747544202e-05   -0.0002476967788   -0.0008417530398            35.3194             0.5095
        490          1      -0.0392547565     -0.00191592418     0.000799731179    0.0001110248228   -0.0003295883357   -0.0002366278866            35.3194             0.5095
        492          1       -0.039739392    -0.001930721162    0.0004454226775    8.831127336e-05   -0.0003423684947     0.001102175869            35.3194             0.5095
        493          1     -0.03854207209    -0.001935261647   -0.0006430789645   -6.350251486e-05   -0.0003181935929     0.001784816266            35.3194             0.5095
        497          1     -0.03829124184    -0.001765688646     0.002760298841    0.0003526749042   -0.0003203029642    -0.004151003823            35.3194             0.5095
        498          1     -0.03750399893    -0.001775178515    -0.001029075289    -0.000107976425   -0.0003106351559    0.0008054381563            35.3194             0.5095
        502          1     -0.03796562886    -0.001776549676     0.000963250096    0.0001272461991   -0.0003197125933    5.004273528e-05            35.3194             0.5095
        503          1     -0.03837673445    -0.001806940147     0.001464801541     0.000167609894   -0.0003218590592   -0.0009189879173            35.3194             0.5095
        508          1     -0.03559002241    -0.001658336173    -0.001433784016   -0.0001923388833   -0.0002794645939    -0.001200003426            35.3194             0.5095
        509          1     -0.03982629884    -0.001926653277    0.0007574783358    7.840172051e-05   -0.0003398915003   -0.0004902820357            35.3194             0.5095
        510          1     -0.03065049355    -0.001348311332     0.001148801887    0.0001139971501   -0.0002234058313   -0.0003120889457            35.3194             0.5095
        511          1     -0.03392686057    -0.001586049588     0.001072346147    0.0001322912936   -0.0002562340009    0.0002426138108            35.3194             0.5095
        518          1     -0.03679340456    -0.001764085952    -0.005680118863   -0.0006966720772   -0.0003192324301      0.00240276599            35.3194             0.5095
        521          1      -0.0399480321    -0.001919721241    0.0002302270004       5.989916e-05   -0.0003449289699   -5.273124836e-05            35.3194             0.5095
        523          1     -0.03629411972    -0.001715505926     0.002518124299    0.0002749107342   -0.0002866384077    -0.001749973439            35.3194             0.5095
        524          1     -0.02769570787    -0.001179242233   -0.0005080293533    -8.09045846e-05   -0.0001922355725    9.365787502e-05            35.3194             0.5095
        528          1     -0.02278556472    -0.000886469961    -0.002399778618   -0.0002814078185    -0.000151931039   -0.0007658732092            35.3194             0.5095
        532          1     -0.03396877278    -0.001582874238     0.001840577928    0.0002193336073   -0.0002541130029    -0.001620593098            35.3194             0.5095
        533          1     -0.03513748057    -0.001600600086    -0.001384027851   -0.0001743139217   -0.0002792433897    -0.001005873519            35.3194             0.5095
        538          1     -0.03846775604    -0.001770149346     0.002676765395    0.0003014977358   -0.0003326260782    -0.001124874143            35.3194             0.5095
        547          1     -0.03686945598    -0.001742117617    8.858173527e-05   -7.132921522e-06   -0.0002975192778   -0.0001287816421            35.3194             0.5095
        548          1     -0.03371976931    -0.001628677113     0.001158444404    0.0001514841762    -0.000247648165    0.0005081220239            35.3194             0.5095
        549          1     -0.03986127023    -0.001867423464    0.0004374247843    6.275793061e-05   -0.0003466714611    -0.001296324218            35.3194             0.5095
        553          1     -0.03290763022    -0.001549355269     0.002524606049     0.000323857088   -0.0002419685431    -0.000401060962            35.3194             0.5095
        554          1     -0.03609511341    -0.001727752982   -0.0001802725875   -5.682263214e-06    -0.000284039411    0.0005766605414            35.3194             0.5095
        558          1     -0.03609942023    -0.001665029445    0.0009965208377    0.0001186789366   -0.0002885942701    -0.001434443568            35.3194             0.5095
        560          1     -0.03142641054    -0.001419804395    -0.001181788415   -0.0001463472603   -0.0002291208655    0.0004023220354            35.3194             0.5095
        561          1     -0.03711398651    -0.001738882872    -0.001074684327   -9.101777564e-05   -0.0003038480363   -0.0002257337514            35.3194             0.5095
        563          1     -0.02419625886    -0.001021489231    -0.001861269905   -0.0001956551067   -0.0001519018919      0.00103373789            35.3194             0.5095
        567          1     -0.03750370977    -0.001809649863    -0.001514452562   -0.0001927715826   -0.0003033151936   -0.0005539206074            35.3194             0.5095
        569          1     -0.03245886038    -0.001468358326   -0.0005128640726   -7.657076919e-05   -0.0002374031034    -0.001775062983            35.3194             0.5095
        570          1     -0.03548824627    -0.001649589305     0.003242260803    0.0004019940555   -0.0002850447868   -0.0006382225375            35.3194             0.5095
        577          1      -0.0373571235    -0.001725787976    0.0009211913816    6.666418119e-05     -0.00031229977   -0.0002455389118            35.3194             0.5095
        579          1     -0.02708901776    -0.001163776826    -0.001029410295   -9.323326404e-05   -0.0001778167323    -0.001564252362            35.3194             0.5095
        582          1      -0.0391366561    -0.001855123896     0.002100987811    0.0002447666851   -0.0003318473461    -0.001604273975            35.3194             0.5095
        583          1     -0.03123130237    -0.001415041204     0.001897680919    0.0002142572286   -0.0002244970828   -0.0003367328713            35.3194             0.5095
        587          1     -0.03357173988    -0.001599840309   -0.0009399020321   -8.041577202e-05   -0.0002469218367    0.0004605859862            35.3194             0.5095
        588          1     -0.03285452572    -0.001529829449     0.001069584922    0.0001666370001   -0.0002443629127     0.001146856912            35.3194             0.5095
        589          1     -0.03485870698    -0.001628317486     0.002268973913    0.0002903635673   -0.0002724482212   -0.0001039593817            35.3194             0.5095
        591          1     -0.03967930738    -0.001884579488     0.001807366351    0.0002032128332   -0.0003456324452    0.0001789717722            35.3194             0.5095
        593          1     -0.03088680708    -0.001398246327    -0.001308118193    -0.000155495534   -0.0002201713429    0.0001006301682            35.3194             0.5095
        602          1     -0.03507550158    -0.001571635785     0.001713318687    0.0002025287858   -0.0002848159099   -0.0008758836571            35.3194             0.5095
        603          1     -0.03706760155    -0.001745596536    0.0007128131618    0.0001384229865   -0.0003039922279    0.0002513962488            35.3194             0.5095
        604          1     -0.02388452454   -0.0009891879657     0.001275549124    0.0001666238641   -0.0001488182471   -0.0008121530569            35.3194             0.5095
        611          1     -0.03712876777    -0.001736700596     0.001570559931     0.000174389119   -0.0003069312936    0.0002472801792            35.3194             0.5095
        612          1     -0.03614580783    -0.001716976612     -0.00333587672   -0.0004075353335   -0.0002926977612    0.0003879884024            35.3194             0.5095
        616          1     -0.03714538593    -0.001819503723    -0.001339389353   -0.0001729801106   -0.0002954864388   -0.0003697604603            35.3194             0.5095
        622          1     -0.03524324894    -0.001609376828    7.601470933e-05   -2.599216905e-05   -0.0002843042036    0.0006086483567            35.3194             0.5095
        623          1     -0.03923695737     -0.00183993737    0.0008718568904    0.0001003415113   -0.0003411677598    0.0002241587708            35.3194             0.5095
        625          1     -0.02737599196     -0.00117282544     0.002311897463    0.0003224796626   -0.0001891660791   -0.0004840595464            35.3194             0.5095
        627          1     -0.02648307507    -0.001140207588    0.0006001583269    8.262458717e-05   -0.0001717745527   -0.0005023183033            35.3194             0.5095
        637          1     -0.03588491493    -0.001652960312   -0.0009784497816   -0.0001263648205   -0.0002910970922    0.0002546713182            35.3194             0.5095
        641          1     -0.03349290066    -0.001539235275   -0.0003034197208   -3.961831113e-05   -0.0002546029275    0.0005914417575            35.3194             0.5095
        643          1     -0.03376885139    -0.001561402764    -0.001335152711    -0.000164650052   -0.0002562227224   -7.929061515e-05            35.3194             0.5095
        645          1     -0.03863703418    -0.001835584748     0.001954175686    0.0002297920806   -0.0003253063645    -0.000727365932            35.3194             0.5095
        648          1     -0.03303357427    -0.001466744535   -0.0001298180375   -2.730625559e-05    -0.000257135142     7.50386296e-05            35.3194             0.5095
        652          1     -0.03384065273    -0.001531324469     0.002189833065    0.0002849448955   -0.0002638507734   -0.0008211223567            35.3194             0.5095
        655          1     -0.03967824812    -0.001872517753     0.001684602066    0.0001990499853   -0.0003452215248   -0.0005121362129            35.3194             0.5095
        656          1     -0.03504609117    -0.001600126157    -0.001534867451   -0.0001447545324    -0.000284552502     0.001441136312            35.3194             0.5095
        657          1     -0.03668551714    -0.001765992573     0.001590458953    0.0001707634713   -0.0002892809725    -0.001017423428            35.3194             0.5095
        664          1     -0.03398325514    -0.001554134705     0.002629178626    0.0003095055877   -0.0002628857715   -0.0008831633092            35.3194             0.5095
        666          1     -0.02730736319    -0.001102548627     0.003462530775    0.0003747702198   -0.0002041499229    -0.001486052873            35.3194             0.5095
        667          1     -0.03177551092    -0.001430410978     0.002894230465    0.0003772562136   -0.0002358434353    -0.001307202998            35.3194             0.5095
        678          1     -0.03798318204     -0.00180623045      0.00179944697    0.0001901747116   -0.0003122233819    -0.001173313747            35.3194             0.5095
        679          1     -0.03759982404    -0.001814780988    -0.000272975452   -7.748433417e-06   -0.0003027221133   -0.0007906225852            35.3194             0.5095
        680          1     -0.03672924552     -0.00173374031    -0.002417180478   -0.0003033121544   -0.0003043754133     0.001551076183            35.3194             0.5095
        682          1     -0.03709153927    -0.001748568727   -0.0006267703143   -0.0001128266404   -0.0003002806576   -0.0008644626483            35.3194             0.5095
        687          1     -0.02537740651    -0.001044499004    0.0009597384098    0.0001006715613   -0.0001659330606    -0.001928362284            35.3194             0.5095
        692          1     -0.03863544448    -0.001830327506     0.001093595466    0.0001433412151   -0.0003265558009   -0.0002029929831            35.3194             0.5095
        693          1     -0.03409840228      -0.0015404119   -0.0001364753285   -2.942366087e-05   -0.0002651608351     -0.00077194338            35.3194             0.5095
        696          1     -0.03455963805    -0.001544907771   -0.0009548272879   -0.0001127579297   -0.0002732796265     -0.00175271348            35.3194             0.5095
        702          1     -0.03939109884    -0.001805728495    0.0002595777984    1.845020927e-05   -0.0003454016881    -0.001515644288            35.3194             0.5095
        705          1     -0.03417703599    -0.001564034842     0.000388551775    7.326790836e-05   -0.0002672890155    0.0007802865738            35.3194             0.5095
        709          1     -0.03323256841    -0.001524591428    0.0007099206496    6.586905698e-05   -0.0002481583704   -0.0005309221217            35.3194             0.5095
        711          1     -0.03738697911    -0.001817989601    0.0006697018063    8.363365458e-05   -0.0002999790469   -8.317215706e-05            35.3194             0.5095
        712          1     -0.03099114798    -0.001427721138   -0.0001274216208   -4.463082067e-05   -0.0002164935341    3.012687442e-05            35.3194             0.5095
        713          1     -0.03435046514    -0.001671882595    0.0003905511145      2.9369805e-05   -0.0002529327875   -0.0004997959685            35.3194             0.5095
        714          1     -0.03912979282    -0.001934986114     0.001526102701    0.0002057428213   -0.0003291987348    0.0007744231203            35.3194             0.5095
        717          1     -0.03355161525     -0.00151991454    -0.002301095356   -0.0002509793436   -0.0002553011984    -0.001722493212            35.3194             0.5095
        721          1     -0.03856043486    -0.001809309961    0.0005383556592    5.837107113e-05   -0.0003264586617   -0.0005008030077            35.3194             0.5095
        724          1     -0.01776501074   -0.0005621137077     0.002083314756    0.0002858372647   -0.0001297057379    -0.002153532048            35.3194             0.5095
        730          1     -0.03404044462    -0.001561920794     -0.00364674487   -0.0004522813362    -0.000271424785    0.0005063825324            35.3194             0.5095
        731          1     -0.03915709584    -0.001870589038     0.002708727148    0.0003595045918   -0.0003387143917    9.375488642e-05            35.3194             0.5095
        732          1     -0.03444359555     -0.00158883603     0.001778027039    0.0002413797307   -0.0002709084426    0.0006811655595            35.3194             0.5095
        733          1     -0.03125295258    -0.001433366549    1.623081709e-05   -1.104638667e-05   -0.0002198020712    -0.000476904764            35.3194             0.5095
        736          1     -0.03548247859    -0.001651251056    -0.001020168881   -0.0001217944161   -0.0002788731644   -0.0005726314526            35.3194             0.5095
        737          1     -0.03750042005    -0.001792347606    -0.001176986768   -0.0001190260541   -0.0003053510184   -0.0001176056934            35.3194             0.5095
        739          1     -0.03493661928    -0.001599376662    1.295280185e-05   -1.064284467e-05   -0.0002791312134    0.0008442764206            35.3194             0.5095
        741          1     -0.03586914455    -0.001616261245    -0.002535631492   -0.0002899570498    -0.000302301476     0.000481549076            35.3194             0.5095
        744          1     -0.03634057601    -0.001714236544     0.001512556483    0.0001738605541   -0.0002919332195    0.0003291903951            35.3194             0.5095
        751          1     -0.03436707788    -0.001585309934    -0.001284274229   -0.0001640337764   -0.0002643527373   -0.0006622393005            35.3194             0.5095
        754          1     -0.03652910674    -0.001770513675     0.001245038731    0.0001338172891   -0.0002856028232   -0.0009255793591            35.3194             0.5095
        755          1     -0.03833667524    -0.001840069141     -0.00208332017   -0.0002576293744   -0.0003260451686     0.001821425971            35.3194             0.5095
        758          1     -0.03384400507    -0.001540144796    0.0008322359995    8.570049787e-05    -0.000261032739   -0.0001297103297            35.3194             0.5095
        762          1     -0.02294862864   -0.0008979204087   -0.0001883964858   -1.490369185e-05   -0.0001514527611    0.0001872637861            35.3194             0.5095
        766          1     -0.03148245204    -0.001289769148   -0.0009611104159   -0.0001759079857   -0.0002615970356     -0.00141346361            35.3194             0.5095
        771          1     -0.03442504171    -0.001521185634    0.0006389911873    9.168954927e-05   -0.0002768826504    -0.001293413585            35.3194             0.5095
        772          1     -0.03132030936    -0.001422831794     0.003590194947    0.0004294512803   -0.0002274306775    -0.001638972857            35.3194             0.5095
        773          1     -0.03225798293    -0.001481155897    -0.002642263878   -0.0003372720733   -0.0002411488371    0.0005986939228            35.3194             0.5095
        778          1     -0.02751007412    -0.001187015902    -0.002463849874   -0.0002909833273   -0.0001899168626    0.0005278514226            35.3194             0.5095
        782          1     -0.03934943938    -0.001862215132      0.00159762798    0.0001957649528   -0.0003370461219    -0.001001154074            35.3194             0.5095
        788          1     -0.03093518321    -0.001389763167    -0.001224562821    -0.000151521073   -0.0002258428482     0.001215147031            35.3194             0.5095
        793          1      -0.0331401431    -0.001495857115    -0.001574297392   -0.0002411350621   -0.0002542424438   -0.0005399232498            35.3194             0.5095
        795          1     -0.03321091926    -0.001540864139     0.001049164646     0.000121655185    -0.000243114543    -0.001463672982            35.3194             0.5095
        805          1      -0.0314082225    -0.001467176684    -0.001076666333   -0.0001143500281   -0.0002218580288     0.001081857209            35.3194             0.5095
        807          1     -0.03929118374    -0.001886120202   -0.0008489668782   -0.0001143198518   -0.0003328347125   -0.0005265499836            35.3194             0.5095
        814          1      -0.0363185972    -0.001723993346    0.0003733179344    7.017496287e-05   -0.0002892504505    0.0003748844544            35.3194             0.5095
        815          1     -0.03120412986    -0.001421766318     0.001755558816    0.0002210511088    -0.000221744289   -0.0008616387968            35.3194             0.5095
        816          1     -0.03694663292    -0.001784611557     0.000286522104    4.406054263e-05     -0.00029460514    0.0001657904686            35.3194             0.5095
        817          1     -0.03704969865    -0.001780871752    -0.001779124049   -0.0002370632666   -0.0003010659566    0.0007364063402            35.3194             0.5095
        820          1     -0.03884416577    -0.001865375113   -0.0003509332828    -5.58495016e-05   -0.0003275772824    0.0004067410326            35.3194             0.5095
        821          1     -0.03877338361    -0.001802799541     0.002548422276    0.0003323432223   -0.0003400079569    0.0001026647515            35.3194             0.5095
        822          1     -0.03874719432    -0.001873624384     0.001636307305     0.000229602371   -0.0003261414066    0.0002589100869            35.3194             0.5095
        823          1     -0.03762405973    -0.001718944204     0.001896543684     0.000222938416   -0.0003209153419   -0.0007171780439            35.3194             0.5095
        824          1      -0.0332201153     -0.00148246183    0.0002164130905    5.887142079e-05   -0.0002630441281     0.001460956515            35.3194             0.5095
        828          1     -0.03609387731    -0.001685319097    0.0008646903158    9.685818111e-05   -0.0002870878296   -0.0006633615369            35.3194             0.5095
        829          1     -0.03040785589    -0.001403967797    -0.001965102569   -0.0002359050646     -0.00021070313    0.0003192723413            35.3194             0.5095
        836          1     -0.03322172212    -0.001528590541   -0.0009794047293   -0.0001308316323   -0.0002488125036   -0.0001534831346            35.3194             0.5095
        841          1      -0.0280324691    -0.001208595191    0.0009629700189    0.0001049079473   -0.0001987948201     0.002283617249            35.3194             0.5095
        850          1     -0.03912314467    -0.001845386394    -0.001672679513   -0.0002146216851   -0.0003362207663   -0.0005007881053            35.3194             0.5095
        851          1      -0.0371437315    -0.001758684582    -0.001274582139   -0.0001588224211   -0.0003050469916    0.0007517392292            35.3194             0.5095
        853          1     -0.03700981382    -0.001769416724   -0.0009315331666   -0.0001375993318    -0.000300306133    0.0007877063272            35.3194             0.5095
        854          1     -0.02934660737    -0.001246439412    -0.001680067628   -0.0001591396216   -0.0002149579581   -0.0007181389183            35.3194             0.5095
        856          1     -0.03963766593    -0.001884384901     0.001935660203    0.0002565602241   -0.0003444118099   -0.0002687411823            35.3194             0.5095
        858          1     -0.03466223067    -0.001602654151    0.0002936683419    4.132280433e-05   -0.0002698225018    0.0002463146009            35.3194             0.5095
        859          1     -0.02959019141    -0.001347876304     0.000193854079    7.294289753e-05   -0.0002025539294     0.001036127387            35.3194             0.5095
        863          1     -0.03828698944    -0.001843289305      0.00308639975    0.0003827482372   -0.0003224555671    6.490551345e-05            35.3194             0.5095
        869          1      -0.0338724654    -0.001556229586    -0.003087074668   -0.0003778938064   -0.0002680622536      0.00124303655            35.3194             0.5095
        870          1      -0.0382290016     -0.00179572544    -0.001220703419   -0.0001665621073   -0.0003259725472    0.0007760799372            35.3194             0.5095
        872          1     -0.03688754976     -0.00175838762    -0.001676007501   -0.0001997100302   -0.0002961892659    -0.000485941576            35.3194             0.5095
        874          1     -0.03800810973    -0.001835161781    -0.001995397299   -0.0002106716444   -0.0003158864555     0.001142086154            35.3194             0.5095
        878          1     -0.03791200924    -0.001848343138   -0.0004052130106   -2.929543248e-05   -0.0003086476853    0.0003236053298            35.3194             0.5095
        880          1     -0.03765743356    -0.001869338625    -0.001659832555   -0.0001642953116   -0.0003040980293    0.0008452044293            35.3194             0.5095
        891          1      -0.0212699348   -0.0007807675904      0.00227423389    0.0002470930978   -0.0001447830497    -0.001200282176            35.3194             0.5095
        892          1      -0.0318436414    -0.001404517564     0.002052693219    0.0002671507178    -0.000240813633   -0.0009952061388            35.3194             0.5095
        893          1     -0.02814257719    -0.001232108986     0.003222913462    0.0004138041522   -0.0001950653541   -0.0009478465611            35.3194             0.5095
        896          1     -0.02769023565    -0.001133917293   -0.0003621824553   -4.809406337e-05   -0.0001978137339    -0.002303212724            35.3194             0.5095
        897          1     -0.02100446722   -0.0008340266375     0.002099680524     0.000252397164    -0.000124588227    -0.001264201767            35.3194             0.5095
        900          1     -0.03354304662    -0.001485982419    -0.001035788193   -0.0001409394279   -0.0002651799051   -0.0004324634617            35.3194             0.5095
        905          1     -0.02907923087    -0.001264168713    0.0007124280721    8.466681844e-05   -0.0002066594894    0.0005881202155            35.3194             0.5095
        911          1      -0.0303178907    -0.001328822663    0.0004095433035    6.230847662e-05   -0.0002204611203    5.729407168e-05            35.3194             0.5095
        912          1     -0.03564373384    -0.001725645911    -0.002517701247   -0.0003316504935   -0.0002836881512     0.002318846504            35.3194             0.5095
        916          1     -0.02365169423   -0.0009464216249     0.003646777541    0.0004072282523    -0.000152859892    -0.003974042109            35.3194             0.5095
        923          1     -0.03501039985    -0.001637456141     0.003411413462    0.0003889391676   -0.0002711203532    -0.002204813276            35.3194             0.5095
        924          1     -0.02656945839    -0.001082776254     0.003269318403    0.0004095340664   -0.0001945519695   -0.0005907867344            35.3194             0.5095
        928          1     -0.02272187103   -0.0008964873413      0.00285394428    0.0003480289782   -0.0001469529268    -0.002121392084            35.3194             0.5095
        929          1     -0.03648220053    -0.001752027336    0.0002836075391     4.93674183e-05   -0.0002897531814    0.0006658064804            35.3194             0.5095
        934          1     -0.02926161616    -0.001227376733     0.001699218836    0.0002256348466   -0.0002192377603    -0.000744912003            35.3194             0.5095
        936          1     -0.02858476753    -0.001252120251     3.01437411e-05   -1.677697214e-05   -0.0001918691094    -0.001749222493            35.3194             0.5095
        943          1      -0.0371885013    -0.001749264413      0.00133146296    0.0001810870279   -0.0003015458445    -0.001406113648            35.3194             0.5095
        945          1     -0.03767244084    -0.001873583131    -0.000838914851   -0.0001186725314   -0.0003018463171   -0.0002688474766            35.3194             0.5095
        952          1      -0.0370393612    -0.001716543118    -0.001034129705   -0.0001381277466   -0.0003067196637   -0.0001877978319            35.3194             0.5095
        955          1     -0.03585640094     -0.00168459654    -0.001720056581   -0.0002027135926   -0.0002837988513   -0.0003605074885            35.3194             0.5095
        961          1     -0.03270435685    -0.001492805216    -0.001098064473   -0.0001334863034   -0.0002421526874   -0.0005772310611            35.3194             0.5095
        963          1     -0.03187556199    -0.001417218429    -0.001044104885   -0.0001417127994   -0.0002352375479    -0.001481453023            35.3194             0.5095
        966          1     -0.03772317074     -0.00180378803    0.0009834697111     0.000132025209   -0.0003068024682   -0.0009701566649            35.3194             0.5095
        971          1     -0.02920241071     -0.00131133657     -0.00123738689   -0.0001717575274   -0.0001991548901    -3.56771749e-05            35.3194             0.5095
        975          1      -0.0387734879    -0.001876468595    0.0008578807593    0.0001186052143   -0.0003265747021    0.0009509890495            35.3194             0.5095
        980          1     -0.03068672737    -0.001367934516    0.0009455847662    0.0001151965244   -0.0002195471679   -0.0005123118478            35.3194             0.5095
        984          1     -0.03888406569    -0.001847520277   -0.0009523284384   -0.0001051291941    -0.000334184646     0.001219075861            35.3194             0.5095
        985          1     -0.03210067541    -0.001473336309     0.001942646096    0.0002422812653   -0.0002369384209    0.0007200879716            35.3194             0.5095
        986          1     -0.03372862692    -0.001563858407    0.0001395757909    3.760744646e-05   -0.0002540426762    -3.13252782e-05            35.3194             0.5095
        988          1     -0.03253816164    -0.001494500909     0.002946045045     0.000360862906   -0.0002420954714   -0.0007755930364            35.3194             0.5095
        989          1     -0.03826862659    -0.001816310734   -0.0007901650507   -0.0001316459232   -0.0003200667465   -0.0001653468961            35.3194             0.5095
        994          1     -0.03543748679    -0.001713062485    0.0009008874944    0.0001270294826   -0.0002706470344   -0.0003941712125            35.3194             0.5095
        995          1     -0.03606427299    -0.001588568779      0.00109382422    0.0001224010708    -0.000309870186   -0.0002927460653            35.3194             0.5095
        996          1     -0.02270572559   -0.0009323987098     0.001861045032    0.0001944564727   -0.0001387625599    0.0003253650437            35.3194             0.5095
        998          1     -0.02642308465    -0.001182781808     0.001137643131    9.397343166e-05    -0.000163785353    3.447398073e-05            35.3194             0.5095
        999          1     -0.02928420057    -0.001341276626    0.0009205529128    0.0001084734888   -0.0001966091668    0.0007481634872            35.3194             0.5095
       1000          1     -0.03384216102    -0.001499882088    -0.001491839615   -0.0001381736385   -0.0002748799373     0.001082756349            35.3194             0.5095
