          7          1      0.02340572952     0.004751191359     -0.02049391997    4.473430177e-05   -0.0002497828404    0.0001325658183            61.6174             0.5095
         17          1      0.03087306642      0.00638447241    -0.001258358659    5.271816953e-06   -0.0003164592919   -4.141822351e-05            61.6174             0.5095
         31          1      0.03943249496      0.00821655932     0.009532359376   -2.079610589e-05   -0.0004914717651    0.0002479217547            61.6174             0.5095
         45          1      0.03954244722     0.008213598214     0.002151662087   -5.076525159e-06   -0.0004826434909     -0.00162516504            61.6174             0.5095
         49          1      0.03319990528     0.006826781741     0.006841159488    -2.02293797e-05   -0.0003641548444    -0.002778613991            61.6174             0.5095
         78          1      0.01829670961      0.00366229671     0.001334774418   -4.747905226e-07   -0.0001567717961    -0.001305562074            61.6174             0.5095
         79          1      0.03332501077      0.00687901709     -0.00170279576    4.268620157e-06    -0.000366135139    -0.001029894046            61.6174             0.5095
         91          1      0.03340889962     0.006859929857      0.01002367054    -2.71526019e-05   -0.0003837321272    -0.002042364324            61.6174             0.5095
         93          1       0.0375508462     0.007778022167    -0.005445343578    1.011884925e-05   -0.0004548351847   -0.0007789999374            61.6174             0.5095
        102          1      0.03114848014     0.006407006423     0.001845424644   -4.496012572e-06   -0.0003405030864     5.90348541e-05            61.6174             0.5095
        116          1      0.03234040126     0.006670130569     0.003658989699   -1.326563214e-05   -0.0003551435953     -0.00021612002            61.6174             0.5095
        136          1      0.03640914302     0.007572744874     0.009720743265   -2.544460572e-05   -0.0004186108679   -0.0006611994392            61.6174             0.5095
        139          1      0.03568600628     0.007417148969     0.001139557013   -4.662604164e-06   -0.0004006872056   -0.0004443732703            61.6174             0.5095
        174          1      0.03941887991     0.008169868153    -0.004617994307    1.460260894e-05   -0.0004803973808    -0.002500715004            61.6174             0.5095
        191          1      0.03782289043       0.0078232757     0.008948620994   -2.245851817e-05   -0.0004518729528     -0.00263263477            61.6174             0.5095
        210          1      0.03397452342     0.007039546066     -0.02019386428    4.764701631e-05   -0.0003951182656    -0.000760839351            61.6174             0.5095
        222          1      0.03580598485     0.007450726014     0.008044678668   -1.807374302e-05   -0.0004000293621   -0.0009650421901            61.6174             0.5095
        235          1        0.032102347     0.006678941522     0.003271107216   -3.435016324e-06   -0.0003372148714     0.001648386268            61.6174             0.5095
        245          1      0.03836426517     0.007990592026      0.01626220233   -3.218415244e-05   -0.0004784800014    0.0002860738444            61.6174             0.5095
        259          1      0.02841435042     0.005902747464      0.01113344829   -2.992065313e-05   -0.0002688809913    0.0004381940597            61.6174             0.5095
        269          1      0.03546223922     0.007403868939    -0.005693096473    5.408983254e-06    -0.000389690562    0.0001392219273            61.6174             0.5095
        314          1      0.03199395844     0.006571149311     0.002379494184   -6.976920984e-06    -0.000352977986    -0.001229084024            61.6174             0.5095
        352          1      0.03508903988     0.007271145507    -0.005442439701    1.159541492e-05   -0.0003985904754   -0.0004803003423            61.6174             0.5095
        361          1      0.03772605556     0.007804612986    -0.008044478911    2.119365093e-05   -0.0004558207627    -0.001789724893            61.6174             0.5095
        364          1      0.03020002651     0.006210180241    -0.006531597861    1.343455859e-05    -0.000318817849   -0.0005106366631            61.6174             0.5095
        367          1      0.03669529992     0.007617956896      0.01529232555   -3.185025146e-05   -0.0004506345133     0.000474269018            61.6174             0.5095
        423          1      0.03358236942     0.006971178175     0.006414788139   -1.270147876e-05   -0.0003670215011     0.000318790982            61.6174             0.5095
        427          1      0.02800361647     0.005766155285     0.006046306709   -1.232311989e-05   -0.0002744990715    3.389554233e-05            61.6174             0.5095
        433          1      0.03990051819     0.008337808831      0.00130530509   -7.181623342e-06   -0.0004915496818    0.0007218398214            61.6174             0.5095
        440          1      0.03688823545     0.007681077204     0.005743616417   -1.029530799e-05   -0.0004203507571   -0.0009517193777            61.6174             0.5095
        444          1      0.02959466642     0.006040239433     0.008046027166   -1.557521096e-05   -0.0003420373343    0.0003242448118            61.6174             0.5095
        449          1      0.03464397322     0.007171945095    -0.003610764042    8.474610736e-06   -0.0003783770424    -0.002024074007            61.6174             0.5095
        524          1      0.03786699474     0.007868532896    -0.003541382425    4.756409151e-06   -0.0004576514263    9.365555273e-05            61.6174             0.5095
        528          1      0.03002666435     0.006168659298     -0.01285609658    3.263948858e-05   -0.0003235181886   -0.0007658747427            61.6174             0.5095
        563          1      0.03292960487     0.006847606771    -0.009118820958    2.598792823e-05   -0.0003556021356     0.001033736084            61.6174             0.5095
        579          1      0.03724525226     0.007724102886    -0.004457099918    1.674764273e-05   -0.0004350457174    -0.001564254604            61.6174             0.5095
        604          1      0.03230379982     0.006681427245     0.007486957426   -1.585491023e-05    -0.000343182027    -0.000812154763            61.6174             0.5095
        625          1      0.03755175887     0.007800274546       0.0143583779   -2.652555416e-05   -0.0004583670092   -0.0004840619372            61.6174             0.5095
        627          1      0.03640534679     0.007566004047     0.003685537011   -6.989677004e-06   -0.0004174684841   -0.0005023204494            61.6174             0.5095
        666          1      0.03656600177     0.007532934475      0.01733965718   -5.091050384e-05   -0.0004620613919    -0.001486055188            61.6174             0.5095
        687          1      0.03427191797     0.007069608821     0.004681291042   -1.456050482e-05   -0.0003827293065    -0.001928364173            61.6174             0.5095
        724          1      0.02165447404     0.004339928994      0.01274205187   -2.607401904e-05   -0.0002201968842    -0.002153532866            61.6174             0.5095
        762          1      0.03028371594     0.006235889937   -0.0007344145601    3.146610472e-06   -0.0003191259807    0.0001872623195            61.6174             0.5095
        778          1      0.03781155243     0.007874550835      -0.0132919165    3.191819419e-05   -0.0004619558835     0.000527849002            61.6174             0.5095
        841          1      0.03844459407     0.008030688017     0.004864070962   -1.259795968e-05   -0.0004735651401     0.002283614826            61.6174             0.5095
        891          1      0.02739550767     0.005588319517      0.01142778093   -3.308891073e-05   -0.0002864222711     -0.00120028344            61.6174             0.5095
        893          1      0.03898719174     0.008111027732      0.01863915338   -4.090961361e-05   -0.0004912522787   -0.0009478492154            61.6174             0.5095
        896          1      0.03732958315     0.007690927873    -0.002153639482    4.695204473e-06   -0.0004538958278    -0.002303214947            61.6174             0.5095
        897          1      0.02792582686     0.005744763606      0.01148099105   -2.847500977e-05   -0.0002728591742    -0.001264203087            61.6174             0.5095
        916          1      0.03163096706     0.006481080453      0.01870250338   -5.635273141e-05   -0.0003507809624    -0.003974043899            61.6174             0.5095
        924          1      0.03568416016     0.007370474728      0.01852011288   -4.186458341e-05   -0.0004427480504   -0.0005907889742            61.6174             0.5095
        928          1      0.03015534121     0.006189642077      0.01578526922   -3.937788056e-05   -0.0003236638106    -0.002121393673            61.6174             0.5095
        934          1      0.03978736831      0.00824170247       0.0101148521   -2.073844826e-05   -0.0005152687478   -0.0007449146054            61.6174             0.5095
        936          1      0.03964273634     0.008236108502   -0.0006178543154   -2.174772228e-06   -0.0004830307312    -0.001749225023            61.6174             0.5095
        996          1      0.03056405485      0.00632849329     0.009066955497   -2.662352757e-05   -0.0003140404414    0.0003253634903            61.6174             0.5095
        998          1      0.03692389499      0.00771397289     0.004586482541   -1.869188597e-05   -0.0004182292024    3.447175212e-05            61.6174             0.5095
